idx	label	predict	radius	correct	time
0	0	4	0.0932	0	0:00:08.483437
100	2	2	0.255	1	0:00:04.657102
200	4	-1	0.0	1	0:00:04.660927
300	6	6	0.953	2	0:00:04.659930
400	8	8	0.953	3	0:00:04.659629
500	10	10	0.953	4	0:00:04.658137
600	12	448	0.269	4	0:00:04.659435
700	14	14	0.953	5	0:00:04.658587
800	16	-1	0.0	5	0:00:04.658157
900	18	97	0.185	5	0:00:04.658087
1000	20	20	0.953	6	0:00:04.658663
1100	22	21	0.953	6	0:00:04.658264
1200	24	24	0.953	7	0:00:04.658832
1300	26	26	0.953	8	0:00:04.665347
1400	28	28	0.953	9	0:00:04.670393
1500	30	32	0.242	9	0:00:04.665952
1600	32	-1	0.0	9	0:00:04.665270
1700	34	34	0.552	10	0:00:04.667074
1800	36	35	0.11	10	0:00:04.663283
1900	38	38	0.953	11	0:00:04.668509
2000	40	40	0.156	12	0:00:04.670088
2100	42	-1	0.0	12	0:00:04.671405
2200	44	44	0.953	13	0:00:04.671055
2300	46	38	0.0205	13	0:00:04.671400
2400	48	-1	0.0	13	0:00:04.671776
2500	50	50	0.218	14	0:00:04.670905
2600	52	52	0.316	15	0:00:04.671233
2700	54	57	0.953	15	0:00:04.672396
2800	56	56	0.953	16	0:00:04.672366
2900	58	58	0.207	17	0:00:04.671414
3000	60	62	0.299	17	0:00:04.672057
3100	62	62	0.953	18	0:00:04.671593
3200	64	64	0.953	19	0:00:04.666279
3300	66	63	0.379	19	0:00:04.668661
3400	68	52	0.23	19	0:00:04.669548
3500	70	70	0.953	20	0:00:04.668707
3600	72	72	0.953	21	0:00:04.669279
3700	74	78	0.175	21	0:00:04.669181
3800	76	76	0.552	22	0:00:04.668914
3900	78	78	0.953	23	0:00:04.668874
4000	80	80	0.953	24	0:00:04.669245
4100	82	82	0.953	25	0:00:04.668779
4200	84	84	0.552	26	0:00:04.669701
4300	86	86	0.953	27	0:00:04.668867
4400	88	88	0.406	28	0:00:04.669616
4500	90	90	0.185	29	0:00:04.669271
4600	92	92	0.406	30	0:00:04.668983
4700	94	94	0.953	31	0:00:04.669643
4800	96	96	0.953	32	0:00:04.670952
4900	98	98	0.953	33	0:00:04.671485
5000	100	100	0.953	34	0:00:04.671730
5100	102	102	0.953	35	0:00:04.672099
5200	104	273	0.0522	35	0:00:04.671152
5300	106	106	0.439	36	0:00:04.664491
5400	108	1	0.406	36	0:00:04.668180
5500	110	110	0.953	37	0:00:04.668699
5600	112	112	0.953	38	0:00:04.667534
5700	114	113	0.269	38	0:00:04.661904
5800	116	116	0.953	39	0:00:04.659960
5900	118	118	0.953	40	0:00:04.660036
6000	120	-1	0.0	40	0:00:04.659261
6100	122	-1	0.0	40	0:00:04.669075
6200	124	-1	0.0	40	0:00:04.668346
6300	126	126	0.953	41	0:00:04.668366
6400	128	128	0.953	42	0:00:04.662561
6500	130	130	0.953	43	0:00:04.661155
6600	132	132	0.953	44	0:00:04.666839
6700	134	975	0.406	44	0:00:04.663065
6800	136	136	0.953	45	0:00:04.661838
6900	138	138	0.0283	46	0:00:04.660676
7000	140	140	0.953	47	0:00:04.665518
7100	142	142	0.953	48	0:00:04.662950
7200	144	144	0.299	49	0:00:04.660335
7300	146	146	0.0932	50	0:00:04.660885
7400	148	148	0.953	51	0:00:04.661837
7500	150	360	0.218	51	0:00:04.660979
7600	152	152	0.953	52	0:00:04.664048
7700	154	-1	0.0	52	0:00:04.660100
7800	156	156	0.953	53	0:00:04.659583
7900	158	158	0.552	54	0:00:04.660751
8000	160	160	0.953	55	0:00:04.660694
8100	162	162	0.953	56	0:00:04.660094
8200	164	-1	0.0	56	0:00:04.660635
8300	166	166	0.953	57	0:00:04.659730
8400	168	211	0.165	57	0:00:04.660539
8500	170	172	0.335	57	0:00:04.660191
8600	172	-1	0.0	57	0:00:04.660013
8700	174	174	0.552	58	0:00:04.660203
8800	176	176	0.23	59	0:00:04.659830
8900	178	178	0.953	60	0:00:04.659629
9000	180	243	0.0683	60	0:00:04.659480
9100	182	-1	0.0	60	0:00:04.660173
9200	184	229	0.196	60	0:00:04.659746
9300	186	203	0.552	60	0:00:04.660112
9400	188	-1	0.0	60	0:00:04.660178
9500	190	190	0.953	61	0:00:04.659653
9600	192	-1	0.0	61	0:00:04.659835
9700	194	-1	0.0	61	0:00:04.659861
9800	196	199	0.953	61	0:00:04.659940
9900	198	198	0.953	62	0:00:04.660359
10000	200	200	0.552	63	0:00:04.659462
10100	202	202	0.335	64	0:00:04.659794
10200	204	204	0.406	65	0:00:04.659225
10300	206	206	0.953	66	0:00:04.659320
10400	208	208	0.953	67	0:00:04.660245
10500	210	210	0.953	68	0:00:04.659405
10600	212	212	0.953	69	0:00:04.659803
10700	214	214	0.953	70	0:00:04.660464
10800	216	-1	0.0	70	0:00:04.660346
10900	218	218	0.953	71	0:00:04.659964
11000	220	220	0.953	72	0:00:04.660156
11100	222	222	0.552	73	0:00:04.660112
11200	224	-1	0.0	73	0:00:04.660072
11300	226	226	0.953	74	0:00:04.660607
11400	228	228	0.483	75	0:00:04.660025
11500	230	230	0.284	76	0:00:04.660609
11600	232	232	0.953	77	0:00:04.659682
11700	234	234	0.0522	78	0:00:04.659755
11800	236	-1	0.0	78	0:00:04.660487
11900	238	238	0.355	79	0:00:04.660219
12000	240	238	0.406	79	0:00:04.659747
12100	242	242	0.299	80	0:00:04.660095
12200	244	244	0.953	81	0:00:04.660333
12300	246	246	0.953	82	0:00:04.659073
12400	248	-1	0.0	82	0:00:04.660106
12500	250	176	0.0126	82	0:00:04.660768
12600	252	252	0.406	83	0:00:04.659341
12700	254	254	0.196	84	0:00:04.660833
12800	256	256	0.953	85	0:00:04.659714
12900	258	258	0.953	86	0:00:04.660047
13000	260	260	0.299	87	0:00:04.660284
13100	262	262	0.953	88	0:00:04.660088
13200	264	264	0.0602	89	0:00:04.659555
13300	266	-1	0.0	89	0:00:04.660350
13400	268	268	0.953	90	0:00:04.660520
13500	270	270	0.953	91	0:00:04.659864
13600	272	-1	0.0	91	0:00:04.659987
13700	274	274	0.379	92	0:00:04.660325
13800	276	276	0.299	93	0:00:04.660496
13900	278	278	0.406	94	0:00:04.660612
14000	280	280	0.316	95	0:00:04.660595
14100	282	282	0.953	96	0:00:04.659742
14200	284	284	0.953	97	0:00:04.659984
14300	286	286	0.953	98	0:00:04.660231
14400	288	-1	0.0	98	0:00:04.660220
14500	290	290	0.953	99	0:00:04.660164
14600	292	290	0.953	99	0:00:04.660815
14700	294	294	0.242	100	0:00:04.660958
14800	296	296	0.207	101	0:00:04.660650
14900	298	-1	0.0	101	0:00:04.659872
15000	300	300	0.953	102	0:00:04.660209
15100	302	-1	0.0	102	0:00:04.660462
15200	304	301	0.953	102	0:00:04.659615
15300	306	306	0.953	103	0:00:04.660958
15400	308	308	0.255	104	0:00:04.660395
15500	310	310	0.953	105	0:00:04.660262
15600	312	-1	0.0	105	0:00:04.660384
15700	314	314	0.953	106	0:00:04.659769
15800	316	316	0.552	107	0:00:04.658650
15900	318	-1	0.0	107	0:00:04.660172
16000	320	320	0.953	108	0:00:04.659443
16100	322	322	0.953	109	0:00:04.659797
16200	324	324	0.953	110	0:00:04.660798
16300	326	326	0.299	111	0:00:04.659798
16400	328	328	0.953	112	0:00:04.659142
16500	330	330	0.102	113	0:00:04.660482
16600	332	153	0.406	113	0:00:04.659800
16700	334	334	0.552	114	0:00:04.659847
16800	336	336	0.953	115	0:00:04.660515
16900	338	617	0.0765	115	0:00:04.660998
17000	340	340	0.953	116	0:00:04.660246
17100	342	269	0.0683	116	0:00:04.659822
17200	344	344	0.335	117	0:00:04.660206
17300	346	344	0.23	117	0:00:04.660621
17400	348	348	0.255	118	0:00:04.660623
17500	350	350	0.953	119	0:00:04.659925
17600	352	352	0.552	120	0:00:04.659834
17700	354	354	0.406	121	0:00:04.659569
17800	356	-1	0.0	121	0:00:04.658798
17900	358	529	0.0362	121	0:00:04.660456
18000	360	360	0.165	122	0:00:04.660757
18100	362	362	0.953	123	0:00:04.659397
18200	364	364	0.128	124	0:00:04.659497
18300	366	366	0.439	125	0:00:04.660099
18400	368	368	0.953	126	0:00:04.659796
18500	370	370	0.953	127	0:00:04.659896
18600	372	372	0.185	128	0:00:04.659971
18700	374	374	0.0765	129	0:00:04.660169
18800	376	376	0.552	130	0:00:04.659854
18900	378	378	0.196	131	0:00:04.660126
19000	380	380	0.483	132	0:00:04.659756
19100	382	382	0.218	133	0:00:04.660429
19200	384	384	0.953	134	0:00:04.660503
19300	386	101	0.0205	134	0:00:04.660532
19400	388	388	0.483	135	0:00:04.660762
19500	390	390	0.552	136	0:00:04.660181
19600	392	115	0.379	136	0:00:04.660722
19700	394	-1	0.0	136	0:00:04.660702
19800	396	396	0.953	137	0:00:04.660570
19900	398	398	0.0765	138	0:00:04.661569
20000	400	400	0.0283	139	0:00:04.662988
20100	402	402	0.953	140	0:00:04.660284
20200	404	404	0.953	141	0:00:04.659938
20300	406	406	0.953	142	0:00:04.666777
20400	408	847	0.953	142	0:00:04.661147
20500	410	-1	0.0	142	0:00:04.659954
20600	412	412	0.552	143	0:00:04.660022
20700	414	414	0.255	144	0:00:04.660558
20800	416	416	0.953	145	0:00:04.659664
20900	418	563	0.953	145	0:00:04.659296
21000	420	-1	0.0	145	0:00:04.660088
21100	422	543	0.953	145	0:00:04.660286
21200	424	415	0.299	145	0:00:04.660262
21300	426	426	0.953	146	0:00:04.660265
21400	428	428	0.953	147	0:00:04.660203
21500	430	-1	0.0	147	0:00:04.659745
21600	432	432	0.953	148	0:00:04.660029
21700	434	434	0.255	149	0:00:04.660225
21800	436	436	0.953	150	0:00:04.659965
21900	438	438	0.552	151	0:00:04.659718
22000	440	907	0.0362	151	0:00:04.660683
22100	442	442	0.953	152	0:00:04.663042
22200	444	870	0.0283	152	0:00:04.660391
22300	446	446	0.953	153	0:00:04.660067
22400	448	448	0.953	154	0:00:04.659109
22500	450	-1	0.0	154	0:00:04.660802
22600	452	452	0.953	155	0:00:04.660282
22700	454	454	0.269	156	0:00:04.660440
22800	456	456	0.0442	157	0:00:04.660436
22900	458	458	0.953	158	0:00:04.660282
23000	460	978	0.299	158	0:00:04.660542
23100	462	462	0.953	159	0:00:04.659916
23200	464	439	0.185	159	0:00:04.660205
23300	466	466	0.953	160	0:00:04.660274
23400	468	468	0.953	161	0:00:04.660082
23500	470	481	0.175	161	0:00:04.660681
23600	472	472	0.953	162	0:00:04.659805
23700	474	735	0.0765	162	0:00:04.659755
23800	476	476	0.552	163	0:00:04.660025
23900	478	478	0.552	164	0:00:04.659780
24000	480	624	0.23	164	0:00:04.660169
24100	482	482	0.0765	165	0:00:04.660518
24200	484	871	0.439	165	0:00:04.660060
24300	486	486	0.953	166	0:00:04.660698
24400	488	488	0.316	167	0:00:04.660357
24500	490	490	0.953	168	0:00:04.660208
24600	492	492	0.483	169	0:00:04.660540
24700	494	-1	0.0	169	0:00:04.659757
24800	496	443	0.552	169	0:00:04.660623
24900	498	498	0.953	170	0:00:04.660964
25000	500	500	0.953	171	0:00:04.659556
25100	502	502	0.102	172	0:00:04.660448
25200	504	504	0.953	173	0:00:04.659700
25300	506	506	0.0848	174	0:00:04.660302
25400	508	508	0.953	175	0:00:04.660636
25500	510	510	0.953	176	0:00:04.659651
25600	512	-1	0.0	176	0:00:04.660515
25700	514	514	0.953	177	0:00:04.659784
25800	516	516	0.406	178	0:00:04.660625
25900	518	518	0.953	179	0:00:04.660619
26000	520	520	0.953	180	0:00:04.660429
26100	522	522	0.483	181	0:00:04.660933
26200	524	461	0.953	181	0:00:04.660003
26300	526	526	0.269	182	0:00:04.660673
26400	528	-1	0.0	182	0:00:04.659819
26500	530	530	0.196	183	0:00:04.660308
26600	532	532	0.953	184	0:00:04.660189
26700	534	534	0.483	185	0:00:04.659525
26800	536	510	0.146	185	0:00:04.659500
26900	538	538	0.953	186	0:00:04.661481
27000	540	540	0.953	187	0:00:04.665869
27100	542	542	0.552	188	0:00:04.660263
27200	544	926	0.483	188	0:00:04.659395
27300	546	546	0.953	189	0:00:04.659684
27400	548	548	0.953	190	0:00:04.659720
27500	550	550	0.552	191	0:00:04.659818
27600	552	552	0.953	192	0:00:04.660608
27700	554	554	0.953	193	0:00:04.659976
27800	556	703	0.242	193	0:00:04.659727
27900	558	251	0.953	193	0:00:04.660947
28000	560	560	0.953	194	0:00:04.659603
28100	562	562	0.953	195	0:00:04.659487
28200	564	564	0.439	196	0:00:04.661232
28300	566	566	0.953	197	0:00:04.660180
28400	568	-1	0.0	197	0:00:04.660825
28500	570	-1	0.0	197	0:00:04.660863
28600	572	784	0.218	197	0:00:04.660577
28700	574	574	0.953	198	0:00:04.660163
28800	576	-1	0.0	198	0:00:04.660703
28900	578	578	0.439	199	0:00:04.661069
29000	580	738	0.483	199	0:00:04.660358
29100	582	-1	0.0	199	0:00:04.660788
29200	584	584	0.953	200	0:00:04.661432
29300	586	586	0.953	201	0:00:04.660695
29400	588	588	0.953	202	0:00:04.660405
29500	590	590	0.953	203	0:00:04.660177
29600	592	592	0.953	204	0:00:04.660446
29700	594	594	0.242	205	0:00:04.660881
29800	596	-1	0.0	205	0:00:04.660357
29900	598	598	0.185	206	0:00:04.659712
30000	600	600	0.242	207	0:00:04.660580
30100	602	602	0.953	208	0:00:04.659695
30200	604	604	0.953	209	0:00:04.660330
30300	606	606	0.953	210	0:00:04.660259
30400	608	655	0.439	210	0:00:04.660854
30500	610	610	0.953	211	0:00:04.660276
30600	612	612	0.953	212	0:00:04.659886
30700	614	614	0.552	213	0:00:04.659974
30800	616	-1	0.0	213	0:00:04.660608
30900	618	479	0.00477	213	0:00:04.660136
31000	620	681	0.185	213	0:00:04.660532
31100	622	622	0.953	214	0:00:04.661662
31200	624	520	0.0932	214	0:00:04.661869
31300	626	686	0.406	214	0:00:04.664940
31400	628	628	0.0602	215	0:00:04.660050
31500	630	703	0.953	215	0:00:04.666964
31600	632	632	0.953	216	0:00:04.664722
31700	634	489	0.953	216	0:00:04.663530
31800	636	748	0.552	216	0:00:04.667481
31900	638	638	0.953	217	0:00:04.666502
32000	640	640	0.953	218	0:00:04.666872
32100	642	642	0.953	219	0:00:04.668895
32200	644	644	0.953	220	0:00:04.668893
32300	646	646	0.953	221	0:00:04.668631
32400	648	729	0.218	221	0:00:04.669461
32500	650	486	0.335	221	0:00:04.671227
32600	652	652	0.953	222	0:00:04.671853
32700	654	654	0.0932	223	0:00:04.671858
32800	656	656	0.335	224	0:00:04.672345
32900	658	658	0.953	225	0:00:04.671826
33000	660	660	0.953	226	0:00:04.667449
33100	662	662	0.953	227	0:00:04.664972
33200	664	851	0.316	227	0:00:04.668624
33300	666	666	0.552	228	0:00:04.665024
33400	668	668	0.207	229	0:00:04.666425
33500	670	670	0.953	230	0:00:04.668246
33600	672	672	0.953	231	0:00:04.668962
33700	674	674	0.137	232	0:00:04.661359
33800	676	464	0.483	232	0:00:04.664469
33900	678	678	0.953	233	0:00:04.663826
34000	680	680	0.953	234	0:00:04.669261
34100	682	682	0.552	235	0:00:04.664135
34200	684	684	0.137	236	0:00:04.667180
34300	686	758	0.00477	236	0:00:04.666148
34400	688	688	0.953	237	0:00:04.664603
34500	690	690	0.355	238	0:00:04.664556
34600	692	916	0.196	238	0:00:04.668216
34700	694	694	0.953	239	0:00:04.663453
34800	696	-1	0.0	239	0:00:04.666512
34900	698	663	0.0848	239	0:00:04.667307
35000	700	700	0.483	240	0:00:04.664106
35100	702	422	0.953	240	0:00:04.667927
35200	704	704	0.269	241	0:00:04.668613
35300	706	762	0.269	241	0:00:04.667191
35400	708	708	0.953	242	0:00:04.664816
35500	710	804	0.119	242	0:00:04.665473
35600	712	-1	0.0	242	0:00:04.666473
35700	714	714	0.953	243	0:00:04.666173
35800	716	716	0.953	244	0:00:04.664577
35900	718	449	0.379	244	0:00:04.664160
36000	720	720	0.379	245	0:00:04.661087
36100	722	722	0.953	246	0:00:04.669254
36200	724	780	0.953	246	0:00:04.664503
36300	726	726	0.953	247	0:00:04.667262
36400	728	-1	0.0	247	0:00:04.665034
36500	730	634	0.102	247	0:00:04.667645
36600	732	732	0.953	248	0:00:04.669392
36700	734	734	0.953	249	0:00:04.666272
36800	736	736	0.953	250	0:00:04.665627
36900	738	738	0.119	251	0:00:04.668631
37000	740	-1	0.0	251	0:00:04.660111
37100	742	-1	0.0	251	0:00:04.665464
37200	744	744	0.953	252	0:00:04.667946
37300	746	746	0.953	253	0:00:04.666578
37400	748	748	0.953	254	0:00:04.667040
37500	750	208	0.439	254	0:00:04.667556
37600	752	681	0.439	254	0:00:04.667400
37700	754	485	0.355	254	0:00:04.669020
37800	756	756	0.355	255	0:00:04.668862
37900	758	872	0.0362	255	0:00:04.666579
38000	760	651	0.0683	255	0:00:04.664096
38100	762	762	0.165	256	0:00:04.665795
38200	764	650	0.23	256	0:00:04.667115
38300	766	766	0.175	257	0:00:04.669788
38400	768	768	0.953	258	0:00:04.663105
38500	770	-1	0.0	258	0:00:04.665977
38600	772	772	0.483	259	0:00:04.668519
38700	774	-1	0.0	259	0:00:04.662715
38800	776	875	0.00477	259	0:00:04.663248
38900	778	480	0.11	259	0:00:04.665680
39000	780	914	0.0602	259	0:00:04.663713
39100	782	851	0.953	259	0:00:04.659641
39200	784	891	0.269	259	0:00:04.660500
39300	786	786	0.0442	260	0:00:04.660147
39400	788	-1	0.0	260	0:00:04.660417
39500	790	791	0.953	260	0:00:04.660125
39600	792	792	0.953	261	0:00:04.660045
39700	794	794	0.953	262	0:00:04.659788
39800	796	796	0.953	263	0:00:04.660359
39900	798	798	0.953	264	0:00:04.659605
40000	800	800	0.953	265	0:00:04.660258
40100	802	802	0.406	266	0:00:04.660269
40200	804	804	0.953	267	0:00:04.659415
40300	806	806	0.953	268	0:00:04.660543
40400	808	808	0.953	269	0:00:04.660777
40500	810	810	0.953	270	0:00:04.661141
40600	812	812	0.953	271	0:00:04.659732
40700	814	814	0.953	272	0:00:04.660392
40800	816	816	0.953	273	0:00:04.660776
40900	818	745	0.102	273	0:00:04.659750
41000	820	-1	0.0	273	0:00:04.659853
41100	822	822	0.953	274	0:00:04.660192
41200	824	824	0.953	275	0:00:04.659151
41300	826	531	0.552	275	0:00:04.659853
41400	828	633	0.269	275	0:00:04.660117
41500	830	-1	0.0	275	0:00:04.659478
41600	832	832	0.953	276	0:00:04.660442
41700	834	834	0.0602	277	0:00:04.660162
41800	836	638	0.953	277	0:00:04.659615
41900	838	631	0.483	277	0:00:04.660089
42000	840	840	0.146	278	0:00:04.659833
42100	842	-1	0.0	278	0:00:04.659809
42200	844	844	0.953	279	0:00:04.659949
42300	846	846	0.146	280	0:00:04.660208
42400	848	848	0.0362	281	0:00:04.659772
42500	850	850	0.119	282	0:00:04.660145
42600	852	852	0.953	283	0:00:04.660142
42700	854	854	0.953	284	0:00:04.659911
42800	856	-1	0.0	284	0:00:04.660431
42900	858	-1	0.0	284	0:00:04.659678
43000	860	409	0.185	284	0:00:04.659863
43100	862	530	0.0283	284	0:00:04.660510
43200	864	-1	0.0	284	0:00:04.660342
43300	866	866	0.953	285	0:00:04.667365
43400	868	659	0.156	285	0:00:04.667158
43500	870	870	0.379	286	0:00:04.664869
43600	872	840	0.953	286	0:00:04.668913
43700	874	874	0.953	287	0:00:04.667236
43800	876	435	0.953	287	0:00:04.662431
43900	878	878	0.953	288	0:00:04.666790
44000	880	880	0.0442	289	0:00:04.669277
44100	882	526	0.355	289	0:00:04.668715
44200	884	884	0.953	290	0:00:04.666762
44300	886	886	0.953	291	0:00:04.660220
44400	888	718	0.196	291	0:00:04.667062
44500	890	890	0.439	292	0:00:04.668960
44600	892	442	0.953	292	0:00:04.666630
44700	894	894	0.953	293	0:00:04.668801
44800	896	896	0.552	294	0:00:04.666262
44900	898	574	0.0932	294	0:00:04.669042
45000	900	900	0.953	295	0:00:04.668767
45100	902	902	0.953	296	0:00:04.662756
45200	904	905	0.269	296	0:00:04.661347
45300	906	906	0.953	297	0:00:04.665916
45400	908	895	0.953	297	0:00:04.660332
45500	910	641	0.207	297	0:00:04.660579
45600	912	677	0.185	297	0:00:04.659816
45700	914	914	0.953	298	0:00:04.660861
45800	916	916	0.953	299	0:00:04.659961
45900	918	918	0.953	300	0:00:04.660478
46000	920	607	0.0442	300	0:00:04.659683
46100	922	-1	0.0	300	0:00:04.660100
46200	924	924	0.119	301	0:00:04.660445
46300	926	926	0.953	302	0:00:04.660654
46400	928	927	0.128	302	0:00:04.660311
46500	930	930	0.185	303	0:00:04.660424
46600	932	932	0.953	304	0:00:04.660483
46700	934	934	0.406	305	0:00:04.660414
46800	936	936	0.953	306	0:00:04.660771
46900	938	938	0.953	307	0:00:04.661304
47000	940	940	0.0848	308	0:00:04.659857
47100	942	942	0.953	309	0:00:04.659371
47200	944	946	0.953	309	0:00:04.661071
47300	946	946	0.953	310	0:00:04.660688
47400	948	948	0.953	311	0:00:04.660360
47500	950	950	0.953	312	0:00:04.660431
47600	952	90	0.953	312	0:00:04.660173
47700	954	954	0.23	313	0:00:04.660618
47800	956	956	0.953	314	0:00:04.660641
47900	958	483	0.0848	314	0:00:04.659841
48000	960	960	0.439	315	0:00:04.660607
48100	962	962	0.953	316	0:00:04.660167
48200	964	964	0.483	317	0:00:04.668319
48300	966	502	0.146	317	0:00:04.661884
48400	968	968	0.953	318	0:00:04.661526
48500	970	795	0.379	318	0:00:04.661390
48600	972	979	0.483	318	0:00:04.663429
48700	974	974	0.953	319	0:00:04.668696
48800	976	780	0.284	319	0:00:04.670871
48900	978	-1	0.0	319	0:00:04.672219
49000	980	980	0.953	320	0:00:04.668042
49100	982	982	0.953	321	0:00:04.664710
49200	984	984	0.953	322	0:00:04.666238
49300	986	986	0.953	323	0:00:04.670488
49400	988	988	0.953	324	0:00:04.672292
49500	990	990	0.953	325	0:00:04.672388
49600	992	992	0.953	326	0:00:04.671317
49700	994	994	0.953	327	0:00:04.671627
49800	996	996	0.953	328	0:00:04.671566
49900	998	998	0.316	329	0:00:04.671799
