idx	label	predict	radius	correct	time
0	0	4	0.171	0	0:00:16.810103
100	2	2	0.347	1	0:00:04.958080
200	4	146	0.0	1	0:00:04.962920
300	6	6	1.35	2	0:00:04.958623
400	8	8	1.35	3	0:00:04.961699
500	10	10	0.732	4	0:00:04.962499
600	12	448	0.249	4	0:00:04.962891
700	14	14	1.35	5	0:00:04.963618
800	16	96	0.103	5	0:00:04.981363
900	18	97	0.00337	5	0:00:04.973318
1000	20	20	1.35	6	0:00:04.979035
1100	22	21	1.35	6	0:00:04.987549
1200	24	24	1.35	7	0:00:04.985669
1300	26	26	1.35	8	0:00:04.986216
1400	28	28	1.35	9	0:00:04.986296
1500	30	32	0.163	9	0:00:04.973864
1600	32	29	0.318	9	0:00:04.978123
1700	34	34	0.653	10	0:00:04.986473
1800	36	35	0.11	10	0:00:04.981829
1900	38	38	1.35	11	0:00:04.986924
2000	40	40	0.214	12	0:00:04.987081
2100	42	39	0.0	12	0:00:04.988703
2200	44	44	1.35	13	0:00:04.989341
2300	46	38	0.00337	13	0:00:04.982798
2400	48	48	0.0	14	0:00:04.973560
2500	50	50	0.653	15	0:00:04.985519
2600	52	52	0.496	16	0:00:04.975734
2700	54	57	1.35	16	0:00:04.987884
2800	56	56	1.35	17	0:00:04.975919
2900	58	58	0.157	18	0:00:04.985594
3000	60	62	0.591	18	0:00:04.975454
3100	62	62	1.35	19	0:00:04.986940
3200	64	64	1.35	20	0:00:04.986961
3300	66	63	0.499	20	0:00:04.985764
3400	68	52	0.0	20	0:00:04.993253
3500	70	70	1.35	21	0:00:04.987945
3600	72	72	1.35	22	0:00:04.983369
3700	74	78	0.0	22	0:00:04.993217
3800	76	76	0.781	23	0:00:04.989655
3900	78	78	1.35	24	0:00:04.987542
4000	80	80	1.35	25	0:00:05.001678
4100	82	82	0.781	26	0:00:04.990879
4200	84	84	1.35	27	0:00:04.993576
4300	86	86	1.35	28	0:00:04.995129
4400	88	88	0.15	29	0:00:04.984071
4500	90	90	0.562	30	0:00:04.991788
4600	92	92	0.627	31	0:00:04.985879
4700	94	94	1.35	32	0:00:04.990228
4800	96	96	1.35	33	0:00:04.981782
4900	98	98	1.35	34	0:00:04.996855
5000	100	100	1.35	35	0:00:04.987096
5100	102	102	1.35	36	0:00:04.990755
5200	104	104	0.0345	37	0:00:04.984205
5300	106	106	1.06	38	0:00:04.998421
5400	108	1	0.304	38	0:00:04.991530
5500	110	110	1.35	39	0:00:04.990496
5600	112	112	1.35	40	0:00:04.985071
5700	114	113	0.406	40	0:00:04.981720
5800	116	116	1.35	41	0:00:04.997355
5900	118	118	1.02	42	0:00:04.984910
6000	120	120	0.0	43	0:00:04.987629
6100	122	122	0.0	44	0:00:04.988748
6200	124	122	0.0	44	0:00:04.987964
6300	126	126	1.35	45	0:00:04.992696
6400	128	128	1.35	46	0:00:04.985052
6500	130	130	1.35	47	0:00:04.983411
6600	132	132	1.35	48	0:00:05.000584
6700	134	975	1.35	48	0:00:04.991125
6800	136	136	1.35	49	0:00:04.993216
6900	138	138	0.287	50	0:00:04.993379
7000	140	140	1.35	51	0:00:04.983445
7100	142	142	1.35	52	0:00:04.977065
7200	144	144	0.677	53	0:00:04.976771
7300	146	146	0.621	54	0:00:04.987910
7400	148	148	1.35	55	0:00:04.986246
7500	150	360	0.235	55	0:00:04.990364
7600	152	152	1.35	56	0:00:04.995886
7700	154	259	0.0	56	0:00:04.983190
7800	156	156	1.35	57	0:00:04.985184
7900	158	158	1.35	58	0:00:04.988201
8000	160	160	1.35	59	0:00:04.983512
8100	162	162	0.781	60	0:00:04.982915
8200	164	164	0.0	61	0:00:04.983091
8300	166	166	1.35	62	0:00:04.982386
8400	168	211	0.15	62	0:00:04.981638
8500	170	172	1.35	62	0:00:04.982891
8600	172	172	0.126	63	0:00:04.996077
8700	174	174	1.35	64	0:00:04.991419
8800	176	176	0.392	65	0:00:04.992399
8900	178	178	1.35	66	0:00:04.993356
9000	180	243	0.399	66	0:00:04.988484
9100	182	760	0.0	66	0:00:04.997605
9200	184	229	0.479	66	0:00:04.992104
9300	186	203	0.363	66	0:00:04.988112
9400	188	189	0.0	66	0:00:04.988085
9500	190	190	1.35	67	0:00:04.982442
9600	192	233	0.0	67	0:00:04.990970
9700	194	202	0.00337	67	0:00:04.985977
9800	196	199	1.35	67	0:00:04.989408
9900	198	198	1.06	68	0:00:04.980931
10000	200	200	0.732	69	0:00:04.980882
10100	202	202	0.423	70	0:00:04.980965
10200	204	204	1.35	71	0:00:04.993070
10300	206	206	1.35	72	0:00:04.992461
10400	208	208	1.35	73	0:00:04.993527
10500	210	210	1.35	74	0:00:05.003755
10600	212	212	1.35	75	0:00:04.979779
10700	214	214	1.35	76	0:00:04.991945
10800	216	216	0.28	77	0:00:04.989598
10900	218	218	1.35	78	0:00:04.985899
11000	220	220	1.35	79	0:00:04.989834
11100	222	222	0.732	80	0:00:04.998700
11200	224	246	0.0	80	0:00:04.987993
11300	226	226	1.06	81	0:00:04.984869
11400	228	228	1.35	82	0:00:04.995821
11500	230	230	0.0569	83	0:00:04.988030
11600	232	232	1.35	84	0:00:04.983900
11700	234	234	0.414	85	0:00:04.985708
11800	236	234	0.0	85	0:00:04.997526
11900	238	238	0.0967	86	0:00:04.985679
12000	240	238	0.268	86	0:00:04.988827
12100	242	242	0.435	87	0:00:04.989733
12200	244	244	1.35	88	0:00:04.994287
12300	246	246	0.925	89	0:00:04.992651
12400	248	250	0.487	89	0:00:04.991957
12500	250	176	0.0513	89	0:00:04.990112
12600	252	252	0.479	90	0:00:04.993396
12700	254	254	0.629	91	0:00:04.994398
12800	256	256	1.35	92	0:00:04.992728
12900	258	258	1.35	93	0:00:04.985451
13000	260	260	0.658	94	0:00:04.987494
13100	262	262	1.35	95	0:00:04.983490
13200	264	264	0.27	96	0:00:04.986510
13300	266	153	0.0	96	0:00:04.981885
13400	268	268	1.35	97	0:00:04.990259
13500	270	270	1.35	98	0:00:04.990217
13600	272	277	0.0938	98	0:00:04.982208
13700	274	274	1.35	99	0:00:04.984291
13800	276	276	0.781	100	0:00:04.986691
13900	278	278	0.522	101	0:00:04.983910
14000	280	280	0.352	102	0:00:04.997358
14100	282	282	1.06	103	0:00:04.981956
14200	284	284	1.35	104	0:00:04.979705
14300	286	286	1.35	105	0:00:04.997202
14400	288	288	0.124	106	0:00:04.987348
14500	290	290	1.35	107	0:00:04.994065
14600	292	290	1.35	107	0:00:04.985023
14700	294	294	0.447	108	0:00:04.990959
14800	296	296	0.0689	109	0:00:04.981923
14900	298	356	0.0	109	0:00:04.978586
15000	300	300	1.35	110	0:00:04.994354
15100	302	302	0.0426	111	0:00:04.981416
15200	304	301	1.35	111	0:00:04.984716
15300	306	306	1.35	112	0:00:04.993174
15400	308	308	0.362	113	0:00:04.985162
15500	310	310	1.35	114	0:00:04.997506
15600	312	790	0.15	114	0:00:05.003375
15700	314	314	1.35	115	0:00:04.983944
15800	316	316	1.35	116	0:00:04.985436
15900	318	73	0.0	116	0:00:04.982185
16000	320	320	1.35	117	0:00:04.989316
16100	322	322	1.35	118	0:00:04.991125
16200	324	324	1.35	119	0:00:04.992285
16300	326	326	0.361	120	0:00:04.978714
16400	328	328	1.35	121	0:00:04.993648
16500	330	331	0.139	121	0:00:04.991415
16600	332	153	0.228	121	0:00:04.989721
16700	334	334	1.06	122	0:00:04.983796
16800	336	336	1.02	123	0:00:04.975722
16900	338	617	0.459	123	0:00:05.001764
17000	340	340	1.35	124	0:00:04.993804
17100	342	269	0.209	124	0:00:04.981029
17200	344	344	0.234	125	0:00:04.989564
17300	346	344	0.326	125	0:00:04.988693
17400	348	348	0.336	126	0:00:04.989019
17500	350	350	1.35	127	0:00:04.993894
17600	352	352	1.35	128	0:00:04.982674
17700	354	354	0.781	129	0:00:04.981336
17800	356	259	0.0	129	0:00:04.989055
17900	358	680	0.0	129	0:00:04.984926
18000	360	360	0.115	130	0:00:04.988195
18100	362	362	1.35	131	0:00:04.990272
18200	364	364	0.171	132	0:00:05.004043
18300	366	366	0.621	133	0:00:04.990943
18400	368	368	1.35	134	0:00:04.993390
18500	370	370	1.35	135	0:00:04.989564
18600	372	372	0.0569	136	0:00:04.982611
18700	374	374	0.0	137	0:00:04.985863
18800	376	376	0.732	138	0:00:04.987984
18900	378	378	0.217	139	0:00:04.983869
19000	380	380	1.06	140	0:00:04.986285
19100	382	380	0.181	140	0:00:04.991117
19200	384	384	1.35	141	0:00:04.983882
19300	386	101	0.124	141	0:00:04.997375
19400	388	388	0.701	142	0:00:04.998365
19500	390	390	1.35	143	0:00:05.001158
19600	392	115	0.519	143	0:00:04.981167
19700	394	501	0.0	143	0:00:04.979373
19800	396	396	1.35	144	0:00:04.991254
19900	398	401	0.098	144	0:00:04.980360
20000	400	906	0.475	144	0:00:04.990171
20100	402	402	0.598	145	0:00:04.990184
20200	404	404	1.35	146	0:00:04.980699
20300	406	406	0.43	147	0:00:04.989727
20400	408	847	1.06	147	0:00:04.982416
20500	410	410	0.0	148	0:00:04.989822
20600	412	412	1.06	149	0:00:04.989640
20700	414	414	0.0256	150	0:00:04.985156
20800	416	416	1.35	151	0:00:04.987212
20900	418	563	1.06	151	0:00:04.979079
21000	420	626	0.0	151	0:00:04.994751
21100	422	543	1.06	151	0:00:04.980246
21200	424	415	1.35	151	0:00:04.982403
21300	426	426	1.35	152	0:00:04.992454
21400	428	428	1.35	153	0:00:04.991607
21500	430	430	0.0483	154	0:00:04.984312
21600	432	432	1.35	155	0:00:04.991486
21700	434	434	0.381	156	0:00:04.988096
21800	436	436	1.35	157	0:00:04.980906
21900	438	438	1.06	158	0:00:04.990767
22000	440	907	0.0633	158	0:00:04.994060
22100	442	442	1.35	159	0:00:04.989517
22200	444	638	0.0	159	0:00:04.981281
22300	446	446	1.35	160	0:00:04.999452
22400	448	448	0.404	161	0:00:04.985911
22500	450	573	0.0	161	0:00:04.992657
22600	452	452	1.35	162	0:00:04.994565
22700	454	454	0.488	163	0:00:04.984641
22800	456	522	0.139	163	0:00:04.987414
22900	458	458	1.35	164	0:00:04.991086
23000	460	978	1.06	164	0:00:04.994049
23100	462	462	1.35	165	0:00:04.990003
23200	464	686	0.0	165	0:00:04.987798
23300	466	466	1.35	166	0:00:04.983353
23400	468	468	1.06	167	0:00:04.991371
23500	470	919	0.0	167	0:00:04.983983
23600	472	472	1.35	168	0:00:04.986688
23700	474	735	0.0841	168	0:00:04.992162
23800	476	476	1.06	169	0:00:04.986880
23900	478	478	0.399	170	0:00:04.999534
24000	480	886	0.414	170	0:00:04.984090
24100	482	482	0.0313	171	0:00:04.991075
24200	484	871	1.02	171	0:00:04.992621
24300	486	486	1.35	172	0:00:04.988604
24400	488	488	0.897	173	0:00:04.984332
24500	490	490	1.35	174	0:00:04.985139
24600	492	492	0.602	175	0:00:04.984202
24700	494	398	1.02	175	0:00:04.994558
24800	496	443	1.06	175	0:00:04.986213
24900	498	498	1.35	176	0:00:04.991688
25000	500	500	1.06	177	0:00:04.985461
25100	502	502	0.414	178	0:00:04.982690
25200	504	504	1.35	179	0:00:04.993619
25300	506	506	0.408	180	0:00:04.984374
25400	508	508	1.35	181	0:00:04.981531
25500	510	510	1.35	182	0:00:04.986117
25600	512	477	0.0	182	0:00:04.990639
25700	514	514	1.35	183	0:00:04.975838
25800	516	516	0.321	184	0:00:04.990995
25900	518	518	1.35	185	0:00:04.989615
26000	520	520	1.35	186	0:00:04.989044
26100	522	522	1.06	187	0:00:04.992035
26200	524	461	1.06	187	0:00:04.984292
26300	526	526	0.191	188	0:00:04.983590
26400	528	606	0.121	188	0:00:04.985472
26500	530	530	1.06	189	0:00:04.990160
26600	532	532	1.35	190	0:00:04.982744
26700	534	534	0.114	191	0:00:04.985988
26800	536	510	0.402	191	0:00:04.995074
26900	538	538	1.35	192	0:00:04.987250
27000	540	540	1.35	193	0:00:04.990715
27100	542	542	1.35	194	0:00:04.991521
27200	544	926	1.35	194	0:00:04.991533
27300	546	546	1.35	195	0:00:04.988508
27400	548	548	1.35	196	0:00:04.979826
27500	550	550	1.35	197	0:00:04.982902
27600	552	552	1.35	198	0:00:04.987605
27700	554	554	1.35	199	0:00:04.995593
27800	556	703	0.336	199	0:00:04.996775
27900	558	251	0.658	199	0:00:04.988923
28000	560	560	1.35	200	0:00:04.999523
28100	562	562	1.35	201	0:00:04.988219
28200	564	564	0.732	202	0:00:04.985898
28300	566	566	1.35	203	0:00:04.984916
28400	568	399	0.0313	203	0:00:04.995203
28500	570	818	0.0	203	0:00:04.992172
28600	572	784	0.0659	203	0:00:04.982218
28700	574	574	1.35	204	0:00:04.996909
28800	576	515	0.103	204	0:00:04.980623
28900	578	578	0.985	205	0:00:04.987586
29000	580	738	0.781	205	0:00:04.981693
29100	582	766	0.0	205	0:00:04.981585
29200	584	584	1.35	206	0:00:04.982481
29300	586	586	1.35	207	0:00:04.982277
29400	588	626	0.249	207	0:00:04.993087
29500	590	590	1.35	208	0:00:04.992422
29600	592	592	1.35	209	0:00:04.987640
29700	594	594	0.339	210	0:00:04.981326
29800	596	792	0.0	210	0:00:04.991436
29900	598	664	0.0	210	0:00:04.993004
30000	600	600	0.26	211	0:00:04.989373
30100	602	602	1.35	212	0:00:04.977080
30200	604	604	1.35	213	0:00:04.991332
30300	606	606	1.35	214	0:00:04.977566
30400	608	655	0.275	214	0:00:04.986773
30500	610	610	1.35	215	0:00:04.978765
30600	612	612	1.35	216	0:00:04.989262
30700	614	614	1.35	217	0:00:04.995489
30800	616	610	0.0	217	0:00:04.994840
30900	618	535	0.00674	217	0:00:04.991894
31000	620	681	0.562	217	0:00:04.991403
31100	622	622	1.35	218	0:00:04.994304
31200	624	520	0.0	218	0:00:05.000794
31300	626	686	0.0483	218	0:00:04.984826
31400	628	628	0.0	219	0:00:04.997890
31500	630	703	0.91	219	0:00:04.987934
31600	632	632	1.35	220	0:00:04.976717
31700	634	489	1.35	220	0:00:04.981123
31800	636	748	1.35	220	0:00:04.981584
31900	638	638	1.35	221	0:00:04.987602
32000	640	640	1.35	222	0:00:04.978650
32100	642	644	0.108	222	0:00:04.992735
32200	644	644	1.35	223	0:00:04.982546
32300	646	646	1.35	224	0:00:04.980074
32400	648	729	0.222	224	0:00:04.982352
32500	650	486	0.343	224	0:00:04.981864
32600	652	652	1.35	225	0:00:04.985503
32700	654	436	0.078	225	0:00:04.995120
32800	656	656	0.439	226	0:00:04.980190
32900	658	658	1.35	227	0:00:04.990196
33000	660	660	1.35	228	0:00:04.988135
33100	662	662	1.35	229	0:00:04.989664
33200	664	851	0.166	229	0:00:04.994504
33300	666	666	0.864	230	0:00:04.982311
33400	668	668	0.491	231	0:00:04.995168
33500	670	670	1.35	232	0:00:04.981800
33600	672	672	1.35	233	0:00:04.998785
33700	674	674	1.02	234	0:00:04.982319
33800	676	464	0.701	234	0:00:04.986901
33900	678	678	1.35	235	0:00:04.982156
34000	680	680	0.593	236	0:00:04.992481
34100	682	682	0.781	237	0:00:04.990496
34200	684	684	0.414	238	0:00:04.991039
34300	686	650	0.0	238	0:00:04.986528
34400	688	688	1.35	239	0:00:04.979651
34500	690	690	0.414	240	0:00:04.996230
34600	692	916	0.272	240	0:00:04.991304
34700	694	694	1.35	241	0:00:04.987880
34800	696	761	0.0	241	0:00:04.987043
34900	698	698	0.23	242	0:00:04.985936
35000	700	700	0.39	243	0:00:04.980316
35100	702	422	1.06	243	0:00:04.993954
35200	704	877	0.0659	243	0:00:04.987412
35300	706	762	0.0	243	0:00:04.987203
35400	708	708	1.35	244	0:00:04.982378
35500	710	804	0.195	244	0:00:04.986858
35600	712	720	0.0	244	0:00:04.987431
35700	714	714	1.35	245	0:00:04.988151
35800	716	716	1.35	246	0:00:04.997034
35900	718	449	0.475	246	0:00:04.987071
36000	720	720	0.0426	247	0:00:04.985025
36100	722	722	1.35	248	0:00:04.979331
36200	724	780	1.35	248	0:00:04.986063
36300	726	726	1.35	249	0:00:04.990422
36400	728	643	0.02	249	0:00:04.986311
36500	730	634	0.372	249	0:00:04.989179
36600	732	732	1.35	250	0:00:04.992313
36700	734	734	1.35	251	0:00:04.992583
36800	736	736	1.35	252	0:00:04.978947
36900	738	738	0.144	253	0:00:04.988053
37000	740	795	0.0	253	0:00:04.990854
37100	742	713	0.181	253	0:00:04.993622
37200	744	744	1.35	254	0:00:04.981588
37300	746	746	1.35	255	0:00:04.992294
37400	748	748	1.35	256	0:00:04.992344
37500	750	208	0.437	256	0:00:04.986484
37600	752	681	0.614	256	0:00:04.985666
37700	754	485	0.45	256	0:00:04.987824
37800	756	756	0.781	257	0:00:04.987170
37900	758	872	0.442	257	0:00:04.985450
38000	760	651	0.0	257	0:00:04.992543
38100	762	762	0.442	258	0:00:04.982390
38200	764	650	0.447	258	0:00:04.989146
38300	766	467	0.378	258	0:00:04.995736
38400	768	768	1.35	259	0:00:04.994540
38500	770	770	0.0	260	0:00:04.984165
38600	772	772	1.06	261	0:00:04.997075
38700	774	774	0.139	262	0:00:04.999102
38800	776	875	0.0513	262	0:00:04.990813
38900	778	747	0.0	262	0:00:04.979650
39000	780	914	0.00892	262	0:00:04.986557
39100	782	851	0.61	262	0:00:04.978543
39200	784	891	0.102	262	0:00:04.988637
39300	786	786	0.0	263	0:00:04.988521
39400	788	729	0.17	263	0:00:04.984141
39500	790	791	1.35	263	0:00:04.995453
39600	792	792	1.06	264	0:00:04.993678
39700	794	794	1.35	265	0:00:04.991759
39800	796	796	1.35	266	0:00:04.995398
39900	798	798	1.35	267	0:00:04.995170
40000	800	800	1.35	268	0:00:04.996227
40100	802	802	0.629	269	0:00:04.987931
40200	804	804	1.35	270	0:00:04.987513
40300	806	806	1.35	271	0:00:04.994372
40400	808	808	1.35	272	0:00:04.993374
40500	810	810	1.35	273	0:00:04.989639
40600	812	812	1.35	274	0:00:04.998045
40700	814	814	1.35	275	0:00:04.997591
40800	816	816	1.35	276	0:00:04.994332
40900	818	878	0.0483	276	0:00:04.995712
41000	820	820	0.153	277	0:00:05.006987
41100	822	822	1.35	278	0:00:04.995032
41200	824	824	1.35	279	0:00:04.991611
41300	826	531	0.522	279	0:00:04.987826
41400	828	633	0.135	279	0:00:04.980677
41500	830	785	0.0483	279	0:00:04.999941
41600	832	832	1.35	280	0:00:04.992672
41700	834	834	0.0369	281	0:00:05.008077
41800	836	638	1.35	281	0:00:05.004947
41900	838	631	0.781	281	0:00:04.984881
42000	840	840	0.519	282	0:00:04.989976
42100	842	842	0.242	283	0:00:05.000786
42200	844	844	1.35	284	0:00:04.997901
42300	846	846	0.554	285	0:00:04.992753
42400	848	732	0.078	285	0:00:04.999827
42500	850	850	0.078	286	0:00:05.007694
42600	852	852	1.35	287	0:00:05.007187
42700	854	854	1.35	288	0:00:04.982805
42800	856	856	0.0	289	0:00:04.994199
42900	858	538	0.145	289	0:00:04.990422
43000	860	892	0.0852	289	0:00:04.995873
43100	862	530	0.0	289	0:00:05.001853
43200	864	864	0.0541	290	0:00:04.999081
43300	866	866	1.35	291	0:00:04.992805
43400	868	967	0.0	291	0:00:04.984103
43500	870	870	1.35	292	0:00:04.985374
43600	872	840	1.06	292	0:00:04.994896
43700	874	874	1.35	293	0:00:04.997719
43800	876	435	1.06	293	0:00:04.994023
43900	878	878	1.35	294	0:00:04.988478
44000	880	880	0.18	295	0:00:05.001427
44100	882	526	1.06	295	0:00:04.987926
44200	884	884	1.35	296	0:00:04.988891
44300	886	886	1.35	297	0:00:05.000672
44400	888	718	0.343	297	0:00:04.993027
44500	890	890	0.555	298	0:00:04.992357
44600	892	442	1.35	298	0:00:04.983101
44700	894	894	1.35	299	0:00:05.000653
44800	896	896	1.35	300	0:00:04.998729
44900	898	855	0.0145	300	0:00:04.995119
45000	900	900	1.35	301	0:00:04.997766
45100	902	902	1.35	302	0:00:04.997089
45200	904	905	0.37	302	0:00:04.997566
45300	906	906	1.35	303	0:00:04.995637
45400	908	895	1.35	303	0:00:04.993295
45500	910	641	0.0483	303	0:00:05.006756
45600	912	677	1.35	303	0:00:04.996925
45700	914	914	1.35	304	0:00:04.990060
45800	916	916	1.35	305	0:00:04.996519
45900	918	918	1.35	306	0:00:04.999458
46000	920	607	0.207	306	0:00:04.993648
46100	922	922	1.06	307	0:00:04.996784
46200	924	924	0.354	308	0:00:05.002662
46300	926	926	1.35	309	0:00:05.002109
46400	928	927	0.196	309	0:00:04.992157
46500	930	930	0.324	310	0:00:04.993893
46600	932	932	1.35	311	0:00:04.988777
46700	934	934	0.0875	312	0:00:04.983340
46800	936	936	1.35	313	0:00:04.984783
46900	938	938	1.35	314	0:00:04.990366
47000	940	969	0.0	314	0:00:04.978556
47100	942	942	1.35	315	0:00:04.988878
47200	944	946	1.35	315	0:00:04.979779
47300	946	946	1.35	316	0:00:04.973953
47400	948	948	1.35	317	0:00:04.982474
47500	950	950	1.35	318	0:00:04.988980
47600	952	90	1.35	318	0:00:04.978793
47700	954	954	1.35	319	0:00:04.973618
47800	956	956	1.35	320	0:00:04.990329
47900	958	483	0.0313	320	0:00:04.977215
48000	960	960	1.06	321	0:00:04.980095
48100	962	962	1.35	322	0:00:04.981607
48200	964	964	1.35	323	0:00:04.978078
48300	966	774	0.156	323	0:00:04.975382
48400	968	968	1.35	324	0:00:04.983870
48500	970	795	0.488	324	0:00:04.976905
48600	972	979	1.35	324	0:00:04.993315
48700	974	974	1.35	325	0:00:04.987921
48800	976	780	0.262	325	0:00:04.971232
48900	978	895	0.0	325	0:00:04.974075
49000	980	980	1.35	326	0:00:04.977635
49100	982	982	1.35	327	0:00:04.979862
49200	984	984	1.35	328	0:00:04.980782
49300	986	986	1.35	329	0:00:04.975400
49400	988	988	1.35	330	0:00:04.984995
49500	990	990	1.35	331	0:00:04.974192
49600	992	992	1.35	332	0:00:04.982316
49700	994	994	1.35	333	0:00:04.983022
49800	996	996	1.35	334	0:00:04.980531
49900	998	987	1.06	334	0:00:04.984087
