idx	label	predict	radius	correct	time
0	0	4	0.0602	0	0:00:02.969950
100	2	2	0.207	1	0:00:00.777482
200	4	-1	0.0	1	0:00:00.777301
300	6	6	0.953	2	0:00:00.778180
400	8	8	0.953	3	0:00:00.777798
500	10	10	0.953	4	0:00:00.777555
600	12	448	0.207	4	0:00:00.777416
700	14	14	0.953	5	0:00:00.777075
800	16	-1	0.0	5	0:00:00.777065
900	18	97	0.207	5	0:00:00.777594
1000	20	20	0.953	6	0:00:00.777541
1100	22	21	0.953	6	0:00:00.778652
1200	24	24	0.953	7	0:00:00.777641
1300	26	26	0.953	8	0:00:00.778065
1400	28	28	0.953	9	0:00:00.777480
1500	30	32	0.0602	9	0:00:00.777599
1600	32	-1	0.0	9	0:00:00.777776
1700	34	34	0.953	10	0:00:00.777771
1800	36	35	0.207	10	0:00:00.777416
1900	38	38	0.953	11	0:00:00.777238
2000	40	-1	0.0	11	0:00:00.777197
2100	42	-1	0.0	11	0:00:00.777250
2200	44	44	0.953	12	0:00:00.777678
2300	46	40	0.128	12	0:00:00.777930
2400	48	-1	0.0	12	0:00:00.778729
2500	50	50	0.207	13	0:00:00.778749
2600	52	52	0.316	14	0:00:00.778468
2700	54	57	0.953	14	0:00:00.778226
2800	56	56	0.953	15	0:00:00.778412
2900	58	58	0.0602	16	0:00:00.778342
3000	60	62	0.953	16	0:00:00.778116
3100	62	62	0.953	17	0:00:00.778025
3200	64	64	0.953	18	0:00:00.779273
3300	66	63	0.316	18	0:00:00.778100
3400	68	52	0.128	18	0:00:00.778111
3500	70	70	0.953	19	0:00:00.778266
3600	72	72	0.953	20	0:00:00.777896
3700	74	78	0.316	20	0:00:00.778082
3800	76	76	0.953	21	0:00:00.778206
3900	78	78	0.953	22	0:00:00.778191
4000	80	80	0.953	23	0:00:00.777864
4100	82	82	0.953	24	0:00:00.778054
4200	84	84	0.953	25	0:00:00.778036
4300	86	86	0.953	26	0:00:00.778380
4400	88	88	0.316	27	0:00:00.778568
4500	90	90	0.207	28	0:00:00.778488
4600	92	92	0.953	29	0:00:00.777929
4700	94	94	0.953	30	0:00:00.777876
4800	96	96	0.953	31	0:00:00.777877
4900	98	98	0.316	32	0:00:00.777998
5000	100	100	0.953	33	0:00:00.777977
5100	102	102	0.953	34	0:00:00.777919
5200	104	-1	0.0	34	0:00:00.777884
5300	106	106	0.316	35	0:00:00.778036
5400	108	1	0.316	35	0:00:00.778485
5500	110	110	0.953	36	0:00:00.778509
5600	112	112	0.953	37	0:00:00.778246
5700	114	113	0.207	37	0:00:00.778328
5800	116	116	0.953	38	0:00:00.778538
5900	118	118	0.953	39	0:00:00.777825
6000	120	-1	0.0	39	0:00:00.777764
6100	122	122	0.0602	40	0:00:00.778035
6200	124	-1	0.0	40	0:00:00.777797
6300	126	126	0.953	41	0:00:00.778155
6400	128	128	0.953	42	0:00:00.778925
6500	130	130	0.953	43	0:00:00.778448
6600	132	132	0.953	44	0:00:00.778340
6700	134	975	0.953	44	0:00:00.778216
6800	136	136	0.953	45	0:00:00.778370
6900	138	-1	0.0	45	0:00:00.777907
7000	140	140	0.953	46	0:00:00.778016
7100	142	142	0.953	47	0:00:00.777861
7200	144	144	0.953	48	0:00:00.778516
7300	146	146	0.207	49	0:00:00.780037
7400	148	148	0.953	50	0:00:00.780068
7500	150	360	0.953	50	0:00:00.780308
7600	152	152	0.953	51	0:00:00.780844
7700	154	154	0.207	52	0:00:00.778534
7800	156	156	0.953	53	0:00:00.780284
7900	158	158	0.953	54	0:00:00.780484
8000	160	160	0.953	55	0:00:00.780472
8100	162	162	0.953	56	0:00:00.779762
8200	164	-1	0.0	56	0:00:00.780029
8300	166	166	0.953	57	0:00:00.780395
8400	168	211	0.0602	57	0:00:00.780340
8500	170	172	0.953	57	0:00:00.780570
8600	172	-1	0.0	57	0:00:00.780316
8700	174	174	0.953	58	0:00:00.780513
8800	176	176	0.207	59	0:00:00.780016
8900	178	178	0.953	60	0:00:00.779963
9000	180	-1	0.0	60	0:00:00.779980
9100	182	-1	0.0	60	0:00:00.780157
9200	184	229	0.207	60	0:00:00.780025
9300	186	203	0.953	60	0:00:00.780324
9400	188	-1	0.0	60	0:00:00.780000
9500	190	190	0.953	61	0:00:00.780035
9600	192	233	0.0602	61	0:00:00.780659
9700	194	-1	0.0	61	0:00:00.780020
9800	196	199	0.953	61	0:00:00.780163
9900	198	198	0.953	62	0:00:00.780375
10000	200	200	0.316	63	0:00:00.780300
10100	202	202	0.316	64	0:00:00.780286
10200	204	204	0.953	65	0:00:00.780028
10300	206	206	0.953	66	0:00:00.780097
10400	208	208	0.953	67	0:00:00.780004
10500	210	210	0.953	68	0:00:00.780127
10600	212	212	0.953	69	0:00:00.780022
10700	214	214	0.953	70	0:00:00.780122
10800	216	216	0.0602	71	0:00:00.780203
10900	218	218	0.953	72	0:00:00.780088
11000	220	220	0.953	73	0:00:00.780186
11100	222	222	0.316	74	0:00:00.780596
11200	224	-1	0.0	74	0:00:00.780557
11300	226	226	0.316	75	0:00:00.780198
11400	228	228	0.316	76	0:00:00.780398
11500	230	230	0.316	77	0:00:00.780440
11600	232	232	0.953	78	0:00:00.780336
11700	234	234	0.207	79	0:00:00.780247
11800	236	-1	0.0	79	0:00:00.780350
11900	238	238	0.953	80	0:00:00.781078
12000	240	238	0.207	80	0:00:00.780567
12100	242	242	0.953	81	0:00:00.780333
12200	244	244	0.953	82	0:00:00.780418
12300	246	246	0.316	83	0:00:00.780445
12400	248	-1	0.0	83	0:00:00.780217
12500	250	-1	0.0	83	0:00:00.780261
12600	252	252	0.316	84	0:00:00.780285
12700	254	254	0.128	85	0:00:00.780312
12800	256	256	0.953	86	0:00:00.780888
12900	258	258	0.953	87	0:00:00.780191
13000	260	260	0.128	88	0:00:00.780199
13100	262	262	0.953	89	0:00:00.780089
13200	264	264	0.0602	90	0:00:00.780240
13300	266	-1	0.0	90	0:00:00.780280
13400	268	268	0.953	91	0:00:00.780652
13500	270	270	0.953	92	0:00:00.780439
13600	272	-1	0.0	92	0:00:00.780361
13700	274	274	0.316	93	0:00:00.780587
13800	276	276	0.953	94	0:00:00.780293
13900	278	278	0.953	95	0:00:00.780389
14000	280	280	0.316	96	0:00:00.780458
14100	282	282	0.953	97	0:00:00.780372
14200	284	284	0.953	98	0:00:00.780363
14300	286	286	0.953	99	0:00:00.780271
14400	288	288	0.0602	100	0:00:00.780921
14500	290	290	0.953	101	0:00:00.780333
14600	292	290	0.953	101	0:00:00.780441
14700	294	294	0.207	102	0:00:00.780356
14800	296	296	0.316	103	0:00:00.780392
14900	298	-1	0.0	103	0:00:00.780194
15000	300	300	0.953	104	0:00:00.780315
15100	302	-1	0.0	104	0:00:00.780321
15200	304	301	0.953	104	0:00:00.780405
15300	306	306	0.953	105	0:00:00.780239
15400	308	308	0.207	106	0:00:00.780382
15500	310	310	0.953	107	0:00:00.780918
15600	312	-1	0.0	107	0:00:00.780199
15700	314	314	0.953	108	0:00:00.780488
15800	316	316	0.953	109	0:00:00.780347
15900	318	-1	0.0	109	0:00:00.780228
16000	320	320	0.953	110	0:00:00.780220
16100	322	322	0.953	111	0:00:00.780350
16200	324	324	0.953	112	0:00:00.780343
16300	326	326	0.316	113	0:00:00.780376
16400	328	328	0.953	114	0:00:00.780389
16500	330	-1	0.0	114	0:00:00.780146
16600	332	153	0.953	114	0:00:00.780237
16700	334	334	0.953	115	0:00:00.780260
16800	336	336	0.953	116	0:00:00.780245
16900	338	617	0.128	116	0:00:00.780344
17000	340	340	0.953	117	0:00:00.780317
17100	342	342	0.0602	118	0:00:00.780270
17200	344	344	0.953	119	0:00:00.780244
17300	346	344	0.316	119	0:00:00.780206
17400	348	348	0.207	120	0:00:00.780258
17500	350	350	0.953	121	0:00:00.780309
17600	352	352	0.953	122	0:00:00.780233
17700	354	354	0.316	123	0:00:00.780398
17800	356	-1	0.0	123	0:00:00.780233
17900	358	-1	0.0	123	0:00:00.780219
18000	360	360	0.316	124	0:00:00.780418
18100	362	362	0.953	125	0:00:00.780265
18200	364	364	0.316	126	0:00:00.780270
18300	366	366	0.953	127	0:00:00.780451
18400	368	368	0.953	128	0:00:00.780233
18500	370	370	0.953	129	0:00:00.780684
18600	372	372	0.128	130	0:00:00.780178
18700	374	374	0.0602	131	0:00:00.780479
18800	376	376	0.953	132	0:00:00.780261
18900	378	378	0.207	133	0:00:00.780238
19000	380	380	0.953	134	0:00:00.780221
19100	382	382	0.316	135	0:00:00.780350
19200	384	384	0.953	136	0:00:00.780477
19300	386	-1	0.0	136	0:00:00.780197
19400	388	388	0.953	137	0:00:00.780116
19500	390	390	0.953	138	0:00:00.780212
19600	392	115	0.953	138	0:00:00.780302
19700	394	-1	0.0	138	0:00:00.780153
19800	396	396	0.953	139	0:00:00.780254
19900	398	401	0.0602	139	0:00:00.780365
20000	400	400	0.128	140	0:00:00.780310
20100	402	402	0.953	141	0:00:00.780428
20200	404	404	0.953	142	0:00:00.780201
20300	406	406	0.953	143	0:00:00.780660
20400	408	847	0.953	143	0:00:00.780560
20500	410	410	0.0602	144	0:00:00.780257
20600	412	412	0.953	145	0:00:00.780296
20700	414	414	0.953	146	0:00:00.780212
20800	416	416	0.953	147	0:00:00.780321
20900	418	563	0.953	147	0:00:00.780166
21000	420	-1	0.0	147	0:00:00.780394
21100	422	543	0.953	147	0:00:00.780158
21200	424	415	0.316	147	0:00:00.780379
21300	426	426	0.953	148	0:00:00.780287
21400	428	428	0.953	149	0:00:00.780219
21500	430	430	0.128	150	0:00:00.780385
21600	432	432	0.953	151	0:00:00.780195
21700	434	434	0.953	152	0:00:00.780271
21800	436	436	0.953	153	0:00:00.780693
21900	438	438	0.953	154	0:00:00.780567
22000	440	-1	0.0	154	0:00:00.780276
22100	442	442	0.953	155	0:00:00.780297
22200	444	-1	0.0	155	0:00:00.780307
22300	446	446	0.953	156	0:00:00.780214
22400	448	448	0.953	157	0:00:00.780246
22500	450	-1	0.0	157	0:00:00.780213
22600	452	452	0.953	158	0:00:00.780311
22700	454	454	0.316	159	0:00:00.780323
22800	456	456	0.207	160	0:00:00.780541
22900	458	458	0.953	161	0:00:00.780123
23000	460	978	0.207	161	0:00:00.780254
23100	462	462	0.953	162	0:00:00.780254
23200	464	-1	0.0	162	0:00:00.780155
23300	466	466	0.953	163	0:00:00.780385
23400	468	468	0.953	164	0:00:00.780255
23500	470	481	0.128	164	0:00:00.780290
23600	472	472	0.953	165	0:00:00.780213
23700	474	-1	0.0	165	0:00:00.780471
23800	476	476	0.953	166	0:00:00.780205
23900	478	478	0.953	167	0:00:00.780117
24000	480	624	0.316	167	0:00:00.780226
24100	482	482	0.316	168	0:00:00.780355
24200	484	871	0.316	168	0:00:00.780380
24300	486	486	0.953	169	0:00:00.780312
24400	488	488	0.953	170	0:00:00.780288
24500	490	490	0.953	171	0:00:00.780520
24600	492	492	0.953	172	0:00:00.780383
24700	494	-1	0.0	172	0:00:00.780222
24800	496	443	0.316	172	0:00:00.780335
24900	498	498	0.953	173	0:00:00.780267
25000	500	500	0.953	174	0:00:00.780195
25100	502	-1	0.0	174	0:00:00.780176
25200	504	504	0.953	175	0:00:00.780240
25300	506	506	0.0602	176	0:00:00.780251
25400	508	508	0.953	177	0:00:00.780092
25500	510	510	0.953	178	0:00:00.780210
25600	512	-1	0.0	178	0:00:00.780406
25700	514	514	0.953	179	0:00:00.780248
25800	516	516	0.953	180	0:00:00.780276
25900	518	518	0.953	181	0:00:00.780263
26000	520	520	0.953	182	0:00:00.780114
26100	522	522	0.953	183	0:00:00.780664
26200	524	461	0.953	183	0:00:00.780212
26300	526	526	0.207	184	0:00:00.780198
26400	528	606	0.128	184	0:00:00.780468
26500	530	530	0.207	185	0:00:00.780500
26600	532	532	0.953	186	0:00:00.780315
26700	534	534	0.316	187	0:00:00.780306
26800	536	510	0.0602	187	0:00:00.780328
26900	538	538	0.953	188	0:00:00.780283
27000	540	540	0.953	189	0:00:00.780161
27100	542	542	0.316	190	0:00:00.780267
27200	544	926	0.953	190	0:00:00.780422
27300	546	546	0.953	191	0:00:00.780205
27400	548	548	0.953	192	0:00:00.780452
27500	550	550	0.953	193	0:00:00.780162
27600	552	552	0.953	194	0:00:00.780289
27700	554	554	0.953	195	0:00:00.780205
27800	556	703	0.316	195	0:00:00.780356
27900	558	251	0.316	195	0:00:00.780655
28000	560	560	0.953	196	0:00:00.780286
28100	562	562	0.953	197	0:00:00.780286
28200	564	564	0.953	198	0:00:00.780262
28300	566	566	0.953	199	0:00:00.780381
28400	568	-1	0.0	199	0:00:00.780226
28500	570	-1	0.0	199	0:00:00.780191
28600	572	784	0.207	199	0:00:00.780325
28700	574	574	0.953	200	0:00:00.780166
28800	576	-1	0.0	200	0:00:00.780131
28900	578	578	0.316	201	0:00:00.780304
29000	580	738	0.316	201	0:00:00.780346
29100	582	-1	0.0	201	0:00:00.780267
29200	584	584	0.953	202	0:00:00.780557
29300	586	586	0.953	203	0:00:00.780176
29400	588	588	0.316	204	0:00:00.780279
29500	590	590	0.953	205	0:00:00.780209
29600	592	592	0.953	206	0:00:00.780159
29700	594	594	0.953	207	0:00:00.780266
29800	596	-1	0.0	207	0:00:00.780226
29900	598	598	0.207	208	0:00:00.780255
30000	600	600	0.316	209	0:00:00.780175
30100	602	602	0.953	210	0:00:00.780307
30200	604	604	0.953	211	0:00:00.780189
30300	606	606	0.953	212	0:00:00.780194
30400	608	655	0.316	212	0:00:00.780206
30500	610	610	0.953	213	0:00:00.780199
30600	612	612	0.953	214	0:00:00.780236
30700	614	614	0.953	215	0:00:00.780188
30800	616	-1	0.0	215	0:00:00.780279
30900	618	479	0.128	215	0:00:00.780223
31000	620	681	0.128	215	0:00:00.780824
31100	622	622	0.953	216	0:00:00.780170
31200	624	-1	0.0	216	0:00:00.780170
31300	626	686	0.316	216	0:00:00.780210
31400	628	-1	0.0	216	0:00:00.780131
31500	630	703	0.953	216	0:00:00.780241
31600	632	632	0.953	217	0:00:00.780199
31700	634	489	0.953	217	0:00:00.780210
31800	636	748	0.953	217	0:00:00.780354
31900	638	638	0.953	218	0:00:00.780522
32000	640	640	0.953	219	0:00:00.780274
32100	642	642	0.953	220	0:00:00.780229
32200	644	644	0.953	221	0:00:00.780235
32300	646	646	0.953	222	0:00:00.780373
32400	648	729	0.128	222	0:00:00.780435
32500	650	486	0.953	222	0:00:00.780575
32600	652	652	0.953	223	0:00:00.780402
32700	654	654	0.207	224	0:00:00.780372
32800	656	656	0.316	225	0:00:00.780420
32900	658	658	0.953	226	0:00:00.780440
33000	660	660	0.953	227	0:00:00.780183
33100	662	662	0.953	228	0:00:00.780222
33200	664	851	0.953	228	0:00:00.780167
33300	666	666	0.953	229	0:00:00.780168
33400	668	668	0.207	230	0:00:00.780262
33500	670	670	0.953	231	0:00:00.780290
33600	672	672	0.953	232	0:00:00.780211
33700	674	674	0.207	233	0:00:00.780262
33800	676	464	0.316	233	0:00:00.780451
33900	678	678	0.953	234	0:00:00.780173
34000	680	680	0.953	235	0:00:00.780242
34100	682	682	0.953	236	0:00:00.780316
34200	684	684	0.953	237	0:00:00.780213
34300	686	-1	0.0	237	0:00:00.780115
34400	688	688	0.953	238	0:00:00.780255
34500	690	690	0.207	239	0:00:00.780271
34600	692	916	0.128	239	0:00:00.780304
34700	694	694	0.953	240	0:00:00.780534
34800	696	-1	0.0	240	0:00:00.780086
34900	698	-1	0.0	240	0:00:00.780229
35000	700	700	0.953	241	0:00:00.780227
35100	702	422	0.953	241	0:00:00.780331
35200	704	704	0.953	242	0:00:00.780286
35300	706	762	0.316	242	0:00:00.780280
35400	708	708	0.953	243	0:00:00.780272
35500	710	-1	0.0	243	0:00:00.780777
35600	712	-1	0.0	243	0:00:00.780508
35700	714	714	0.953	244	0:00:00.780291
35800	716	716	0.953	245	0:00:00.780276
35900	718	449	0.953	245	0:00:00.780190
36000	720	720	0.953	246	0:00:00.780201
36100	722	722	0.953	247	0:00:00.780285
36200	724	780	0.953	247	0:00:00.780255
36300	726	726	0.953	248	0:00:00.780194
36400	728	-1	0.0	248	0:00:00.780242
36500	730	-1	0.0	248	0:00:00.780363
36600	732	732	0.953	249	0:00:00.780295
36700	734	734	0.953	250	0:00:00.780307
36800	736	736	0.953	251	0:00:00.780235
36900	738	738	0.128	252	0:00:00.780288
37000	740	-1	0.0	252	0:00:00.780225
37100	742	-1	0.0	252	0:00:00.780422
37200	744	744	0.953	253	0:00:00.780159
37300	746	746	0.953	254	0:00:00.780264
37400	748	748	0.953	255	0:00:00.780503
37500	750	208	0.953	255	0:00:00.780324
37600	752	681	0.953	255	0:00:00.780281
37700	754	485	0.953	255	0:00:00.780353
37800	756	756	0.953	256	0:00:00.780186
37900	758	-1	0.0	256	0:00:00.780181
38000	760	651	0.0602	256	0:00:00.780352
38100	762	762	0.316	257	0:00:00.780267
38200	764	650	0.128	257	0:00:00.780394
38300	766	766	0.207	258	0:00:00.780502
38400	768	768	0.953	259	0:00:00.780312
38500	770	-1	0.0	259	0:00:00.780094
38600	772	772	0.953	260	0:00:00.780636
38700	774	774	0.0602	261	0:00:00.780304
38800	776	-1	0.0	261	0:00:00.780269
38900	778	480	0.128	261	0:00:00.780344
39000	780	914	0.0602	261	0:00:00.780171
39100	782	851	0.953	261	0:00:00.780164
39200	784	891	0.316	261	0:00:00.780524
39300	786	786	0.207	262	0:00:00.780250
39400	788	-1	0.0	262	0:00:00.780252
39500	790	791	0.953	262	0:00:00.780316
39600	792	792	0.953	263	0:00:00.780340
39700	794	794	0.953	264	0:00:00.780332
39800	796	796	0.953	265	0:00:00.780225
39900	798	798	0.953	266	0:00:00.780348
40000	800	800	0.953	267	0:00:00.780376
40100	802	802	0.316	268	0:00:00.780748
40200	804	804	0.953	269	0:00:00.780499
40300	806	806	0.953	270	0:00:00.780318
40400	808	808	0.953	271	0:00:00.780265
40500	810	810	0.953	272	0:00:00.780232
40600	812	812	0.953	273	0:00:00.780252
40700	814	814	0.953	274	0:00:00.780077
40800	816	816	0.953	275	0:00:00.780280
40900	818	-1	0.0	275	0:00:00.780245
41000	820	565	0.207	275	0:00:00.780358
41100	822	822	0.953	276	0:00:00.780549
41200	824	824	0.953	277	0:00:00.780226
41300	826	531	0.316	277	0:00:00.780313
41400	828	633	0.128	277	0:00:00.780201
41500	830	-1	0.0	277	0:00:00.780219
41600	832	832	0.953	278	0:00:00.780218
41700	834	834	0.128	279	0:00:00.780511
41800	836	638	0.953	279	0:00:00.780349
41900	838	631	0.953	279	0:00:00.780343
42000	840	840	0.128	280	0:00:00.780632
42100	842	752	0.128	280	0:00:00.780263
42200	844	844	0.953	281	0:00:00.780207
42300	846	-1	0.0	281	0:00:00.780267
42400	848	598	0.0602	281	0:00:00.780370
42500	850	-1	0.0	281	0:00:00.780226
42600	852	852	0.953	282	0:00:00.780221
42700	854	854	0.953	283	0:00:00.780255
42800	856	-1	0.0	283	0:00:00.780112
42900	858	-1	0.0	283	0:00:00.780446
43000	860	409	0.128	283	0:00:00.780239
43100	862	-1	0.0	283	0:00:00.780278
43200	864	-1	0.0	283	0:00:00.780180
43300	866	866	0.953	284	0:00:00.780189
43400	868	659	0.128	284	0:00:00.780205
43500	870	870	0.316	285	0:00:00.780281
43600	872	840	0.953	285	0:00:00.780168
43700	874	874	0.953	286	0:00:00.780264
43800	876	435	0.953	286	0:00:00.780222
43900	878	878	0.953	287	0:00:00.780149
44000	880	-1	0.0	287	0:00:00.780158
44100	882	526	0.953	287	0:00:00.780141
44200	884	884	0.953	288	0:00:00.780199
44300	886	886	0.953	289	0:00:00.780306
44400	888	718	0.128	289	0:00:00.780228
44500	890	890	0.316	290	0:00:00.780237
44600	892	442	0.953	290	0:00:00.780151
44700	894	894	0.953	291	0:00:00.780788
44800	896	896	0.953	292	0:00:00.780359
44900	898	574	0.0602	292	0:00:00.780250
45000	900	900	0.953	293	0:00:00.780229
45100	902	902	0.953	294	0:00:00.780208
45200	904	905	0.316	294	0:00:00.780230
45300	906	906	0.953	295	0:00:00.780229
45400	908	895	0.953	295	0:00:00.780138
45500	910	641	0.0602	295	0:00:00.780254
45600	912	677	0.128	295	0:00:00.780452
45700	914	914	0.953	296	0:00:00.780219
45800	916	916	0.953	297	0:00:00.780235
45900	918	918	0.953	298	0:00:00.780230
46000	920	607	0.207	298	0:00:00.780180
46100	922	-1	0.0	298	0:00:00.780285
46200	924	924	0.316	299	0:00:00.780446
46300	926	926	0.953	300	0:00:00.780242
46400	928	-1	0.0	300	0:00:00.780258
46500	930	930	0.316	301	0:00:00.780520
46600	932	932	0.953	302	0:00:00.780257
46700	934	934	0.316	303	0:00:00.780314
46800	936	936	0.953	304	0:00:00.780214
46900	938	938	0.953	305	0:00:00.780306
47000	940	940	0.0602	306	0:00:00.780299
47100	942	942	0.953	307	0:00:00.780312
47200	944	946	0.953	307	0:00:00.780197
47300	946	946	0.953	308	0:00:00.780245
47400	948	948	0.953	309	0:00:00.780511
47500	950	950	0.953	310	0:00:00.780180
47600	952	90	0.953	310	0:00:00.780197
47700	954	954	0.316	311	0:00:00.780390
47800	956	956	0.953	312	0:00:00.780535
47900	958	-1	0.0	312	0:00:00.780175
48000	960	960	0.953	313	0:00:00.780246
48100	962	962	0.953	314	0:00:00.780224
48200	964	964	0.953	315	0:00:00.780295
48300	966	502	0.316	315	0:00:00.780300
48400	968	968	0.953	316	0:00:00.780478
48500	970	795	0.316	316	0:00:00.780322
48600	972	979	0.953	316	0:00:00.780176
48700	974	974	0.953	317	0:00:00.780181
48800	976	780	0.128	317	0:00:00.780287
48900	978	-1	0.0	317	0:00:00.780290
49000	980	980	0.953	318	0:00:00.780188
49100	982	982	0.953	319	0:00:00.780358
49200	984	984	0.953	320	0:00:00.780208
49300	986	986	0.953	321	0:00:00.780441
49400	988	988	0.953	322	0:00:00.780272
49500	990	990	0.953	323	0:00:00.780287
49600	992	992	0.953	324	0:00:00.780318
49700	994	994	0.953	325	0:00:00.780335
49800	996	996	0.953	326	0:00:00.780189
49900	998	998	0.128	327	0:00:00.780292
