idx	label	predict	radius	correct	time
0	0	4	0.128	0	0:00:16.312105
100	2	2	0.218	1	0:00:04.636931
200	4	146	0.0	1	0:00:04.644676
300	6	6	0.953	2	0:00:04.639106
400	8	8	0.953	3	0:00:04.647959
500	10	10	0.483	4	0:00:04.656520
600	12	448	0.185	4	0:00:04.652899
700	14	14	0.953	5	0:00:04.655444
800	16	96	0.0932	5	0:00:04.661649
900	18	97	0.0283	5	0:00:04.660209
1000	20	20	0.953	6	0:00:04.663939
1100	22	21	0.953	6	0:00:04.668941
1200	24	24	0.953	7	0:00:04.658672
1300	26	26	0.953	8	0:00:04.659516
1400	28	28	0.953	9	0:00:04.658591
1500	30	32	0.156	9	0:00:04.659418
1600	32	29	0.23	9	0:00:04.667742
1700	34	34	0.953	10	0:00:04.670733
1800	36	35	0.00477	10	0:00:04.679534
1900	38	38	0.953	11	0:00:04.677519
2000	40	40	0.146	12	0:00:04.666028
2100	42	39	0.0	12	0:00:04.682770
2200	44	44	0.953	13	0:00:04.671628
2300	46	38	0.00477	13	0:00:04.674816
2400	48	48	0.0	14	0:00:04.666830
2500	50	50	0.552	15	0:00:04.672340
2600	52	52	0.406	16	0:00:04.671295
2700	54	57	0.953	16	0:00:04.674668
2800	56	56	0.953	17	0:00:04.669422
2900	58	58	0.102	18	0:00:04.671988
3000	60	62	0.406	18	0:00:04.670120
3100	62	62	0.953	19	0:00:04.666993
3200	64	64	0.953	20	0:00:04.662874
3300	66	63	0.379	20	0:00:04.676808
3400	68	52	0.0	20	0:00:04.668263
3500	70	70	0.953	21	0:00:04.670339
3600	72	72	0.953	22	0:00:04.677494
3700	74	78	0.0	22	0:00:04.662734
3800	76	76	0.483	23	0:00:04.680947
3900	78	78	0.953	24	0:00:04.666937
4000	80	80	0.953	25	0:00:04.678131
4100	82	82	0.552	26	0:00:04.680695
4200	84	84	0.953	27	0:00:04.675978
4300	86	86	0.953	28	0:00:04.666343
4400	88	88	0.102	29	0:00:04.671424
4500	90	90	0.439	30	0:00:04.664333
4600	92	92	0.552	31	0:00:04.688638
4700	94	94	0.953	32	0:00:04.667223
4800	96	96	0.953	33	0:00:04.662847
4900	98	98	0.953	34	0:00:04.689715
5000	100	100	0.953	35	0:00:04.669189
5100	102	102	0.953	36	0:00:04.674966
5200	104	104	0.0283	37	0:00:04.675751
5300	106	106	0.953	38	0:00:04.685434
5400	108	1	0.23	38	0:00:04.675442
5500	110	110	0.953	39	0:00:04.674106
5600	112	112	0.953	40	0:00:04.674824
5700	114	113	0.269	40	0:00:04.675211
5800	116	116	0.953	41	0:00:04.679282
5900	118	118	0.953	42	0:00:04.675461
6000	120	120	0.0	43	0:00:04.682960
6100	122	443	0.0	43	0:00:04.686476
6200	124	122	0.0	43	0:00:04.678324
6300	126	126	0.953	44	0:00:04.685931
6400	128	128	0.953	45	0:00:04.674130
6500	130	130	0.953	46	0:00:04.676215
6600	132	132	0.953	47	0:00:04.683754
6700	134	975	0.953	47	0:00:04.683374
6800	136	136	0.953	48	0:00:04.675191
6900	138	138	0.185	49	0:00:04.684431
7000	140	140	0.953	50	0:00:04.672627
7100	142	142	0.953	51	0:00:04.686060
7200	144	144	0.953	52	0:00:04.678969
7300	146	146	0.483	53	0:00:04.686720
7400	148	148	0.953	54	0:00:04.681336
7500	150	360	0.137	54	0:00:04.679989
7600	152	152	0.953	55	0:00:04.682110
7700	154	259	0.0	55	0:00:04.695750
7800	156	156	0.953	56	0:00:04.676178
7900	158	158	0.953	57	0:00:04.688353
8000	160	160	0.953	58	0:00:04.679349
8100	162	162	0.552	59	0:00:04.677663
8200	164	164	0.0	60	0:00:04.689335
8300	166	166	0.953	61	0:00:04.677799
8400	168	211	0.128	61	0:00:04.682778
8500	170	172	0.953	61	0:00:04.697780
8600	172	172	0.128	62	0:00:04.675073
8700	174	174	0.953	63	0:00:04.691314
8800	176	176	0.299	64	0:00:04.679673
8900	178	178	0.953	65	0:00:04.684230
9000	180	243	0.269	65	0:00:04.701262
9100	182	760	0.0	65	0:00:04.696869
9200	184	229	0.316	65	0:00:04.677215
9300	186	203	0.255	65	0:00:04.679069
9400	188	189	0.0	65	0:00:04.693127
9500	190	190	0.953	66	0:00:04.680371
9600	192	233	0.0	66	0:00:04.688560
9700	194	202	0.0	66	0:00:04.680066
9800	196	199	0.953	66	0:00:04.687067
9900	198	198	0.953	67	0:00:04.688407
10000	200	200	0.552	68	0:00:04.688033
10100	202	202	0.335	69	0:00:04.682122
10200	204	204	0.953	70	0:00:04.686070
10300	206	206	0.953	71	0:00:04.697661
10400	208	208	0.953	72	0:00:04.685501
10500	210	210	0.953	73	0:00:04.684325
10600	212	212	0.953	74	0:00:04.695104
10700	214	214	0.953	75	0:00:04.683119
10800	216	216	0.207	76	0:00:04.686424
10900	218	218	0.953	77	0:00:04.679134
11000	220	220	0.953	78	0:00:04.676120
11100	222	222	0.483	79	0:00:04.682455
11200	224	246	0.0	79	0:00:04.687327
11300	226	226	0.953	80	0:00:04.681116
11400	228	228	0.953	81	0:00:04.688741
11500	230	230	0.0442	82	0:00:04.699194
11600	232	232	0.953	83	0:00:04.677835
11700	234	234	0.379	84	0:00:04.687989
11800	236	234	0.0	84	0:00:04.688445
11900	238	238	0.0932	85	0:00:04.688183
12000	240	238	0.185	85	0:00:04.680164
12100	242	242	0.335	86	0:00:04.685199
12200	244	244	0.953	87	0:00:04.676526
12300	246	246	0.953	88	0:00:04.680005
12400	248	250	0.379	88	0:00:04.685557
12500	250	176	0.0602	88	0:00:04.691849
12600	252	252	0.355	89	0:00:04.683877
12700	254	254	0.406	90	0:00:04.679114
12800	256	256	0.953	91	0:00:04.694258
12900	258	258	0.953	92	0:00:04.676214
13000	260	260	0.483	93	0:00:04.677357
13100	262	262	0.953	94	0:00:04.675586
13200	264	264	0.196	95	0:00:04.682969
13300	266	153	0.0	95	0:00:04.687557
13400	268	268	0.953	96	0:00:04.677475
13500	270	270	0.953	97	0:00:04.682473
13600	272	277	0.119	97	0:00:04.684438
13700	274	274	0.953	98	0:00:04.682202
13800	276	276	0.552	99	0:00:04.689710
13900	278	278	0.439	100	0:00:04.683264
14000	280	280	0.269	101	0:00:04.674411
14100	282	282	0.552	102	0:00:04.675575
14200	284	284	0.953	103	0:00:04.684100
14300	286	286	0.953	104	0:00:04.675558
14400	288	288	0.0283	105	0:00:04.696412
14500	290	290	0.953	106	0:00:04.686312
14600	292	290	0.953	106	0:00:04.684436
14700	294	294	0.335	107	0:00:04.689373
14800	296	296	0.0442	108	0:00:04.694973
14900	298	356	0.0	108	0:00:04.677539
15000	300	300	0.953	109	0:00:04.688529
15100	302	302	0.0205	110	0:00:04.679787
15200	304	301	0.953	110	0:00:04.692911
15300	306	306	0.953	111	0:00:04.680469
15400	308	308	0.269	112	0:00:04.681967
15500	310	310	0.953	113	0:00:04.691567
15600	312	790	0.128	113	0:00:04.675195
15700	314	314	0.953	114	0:00:04.684870
15800	316	316	0.953	115	0:00:04.677299
15900	318	73	0.0	115	0:00:04.683197
16000	320	320	0.953	116	0:00:04.687932
16100	322	322	0.953	117	0:00:04.681015
16200	324	324	0.953	118	0:00:04.685558
16300	326	326	0.242	119	0:00:04.681825
16400	328	328	0.953	120	0:00:04.678892
16500	330	331	0.0932	120	0:00:04.680472
16600	332	153	0.185	120	0:00:04.687113
16700	334	334	0.953	121	0:00:04.681191
16800	336	336	0.552	122	0:00:04.677225
16900	338	617	0.355	122	0:00:04.689071
17000	340	340	0.953	123	0:00:04.682812
17100	342	269	0.137	123	0:00:04.687080
17200	344	344	0.175	124	0:00:04.685940
17300	346	344	0.255	124	0:00:04.690157
17400	348	348	0.255	125	0:00:04.689208
17500	350	350	0.953	126	0:00:04.679818
17600	352	352	0.953	127	0:00:04.689167
17700	354	354	0.552	128	0:00:04.680766
17800	356	259	0.0	128	0:00:04.687280
17900	358	680	0.0	128	0:00:04.678830
18000	360	360	0.0765	129	0:00:04.681896
18100	362	362	0.953	130	0:00:04.688427
18200	364	364	0.11	131	0:00:04.688293
18300	366	366	0.552	132	0:00:04.676171
18400	368	368	0.953	133	0:00:04.684091
18500	370	370	0.953	134	0:00:04.691637
18600	372	372	0.0442	135	0:00:04.676895
18700	374	374	0.0	136	0:00:04.680129
18800	376	376	0.552	137	0:00:04.680166
18900	378	378	0.165	138	0:00:04.685296
19000	380	380	0.953	139	0:00:04.683353
19100	382	380	0.146	139	0:00:04.687608
19200	384	384	0.953	140	0:00:04.690706
19300	386	101	0.0932	140	0:00:04.672776
19400	388	388	0.483	141	0:00:04.698463
19500	390	390	0.953	142	0:00:04.694430
19600	392	115	0.406	142	0:00:04.689579
19700	394	467	0.0	142	0:00:04.689147
19800	396	396	0.953	143	0:00:04.688690
19900	398	401	0.0848	143	0:00:04.681607
20000	400	906	0.379	143	0:00:04.679267
20100	402	402	0.406	144	0:00:04.680365
20200	404	404	0.953	145	0:00:04.693195
20300	406	406	0.406	146	0:00:04.684775
20400	408	847	0.953	146	0:00:04.688177
20500	410	410	0.0	147	0:00:04.689656
20600	412	412	0.953	148	0:00:04.681972
20700	414	414	0.0126	149	0:00:04.685540
20800	416	416	0.953	150	0:00:04.685296
20900	418	563	0.552	150	0:00:04.678174
21000	420	626	0.0	150	0:00:04.689860
21100	422	543	0.552	150	0:00:04.684125
21200	424	415	0.953	150	0:00:04.675252
21300	426	426	0.953	151	0:00:04.691094
21400	428	428	0.953	152	0:00:04.680077
21500	430	430	0.0	153	0:00:04.687295
21600	432	432	0.953	154	0:00:04.684011
21700	434	434	0.242	155	0:00:04.691818
21800	436	436	0.953	156	0:00:04.679476
21900	438	438	0.953	157	0:00:04.685999
22000	440	907	0.0522	157	0:00:04.692291
22100	442	442	0.953	158	0:00:04.679284
22200	444	638	0.0	158	0:00:04.684812
22300	446	446	0.953	159	0:00:04.680665
22400	448	448	0.299	160	0:00:04.669703
22500	450	450	0.0	161	0:00:04.680298
22600	452	452	0.953	162	0:00:04.676767
22700	454	454	0.355	163	0:00:04.688307
22800	456	522	0.137	163	0:00:04.682186
22900	458	458	0.953	164	0:00:04.679698
23000	460	978	0.953	164	0:00:04.688985
23100	462	462	0.953	165	0:00:04.675548
23200	464	439	0.0	165	0:00:04.682340
23300	466	466	0.953	166	0:00:04.680870
23400	468	468	0.953	167	0:00:04.683851
23500	470	919	0.0	167	0:00:04.689227
23600	472	472	0.953	168	0:00:04.685547
23700	474	735	0.0683	168	0:00:04.691319
23800	476	476	0.953	169	0:00:04.688485
23900	478	478	0.335	170	0:00:04.682463
24000	480	886	0.23	170	0:00:04.687137
24100	482	482	0.0442	171	0:00:04.678502
24200	484	871	0.953	171	0:00:04.693648
24300	486	486	0.953	172	0:00:04.683362
24400	488	488	0.483	173	0:00:04.688700
24500	490	490	0.953	174	0:00:04.687081
24600	492	492	0.355	175	0:00:04.679836
24700	494	398	0.552	175	0:00:04.679029
24800	496	443	0.953	175	0:00:04.684658
24900	498	498	0.953	176	0:00:04.684351
25000	500	500	0.953	177	0:00:04.675070
25100	502	502	0.269	178	0:00:04.696338
25200	504	504	0.953	179	0:00:04.675965
25300	506	506	0.316	180	0:00:04.687005
25400	508	508	0.953	181	0:00:04.679032
25500	510	510	0.953	182	0:00:04.693575
25600	512	477	0.0	182	0:00:04.693094
25700	514	514	0.953	183	0:00:04.678611
25800	516	516	0.218	184	0:00:04.687739
25900	518	518	0.953	185	0:00:04.692189
26000	520	520	0.953	186	0:00:04.680417
26100	522	522	0.953	187	0:00:04.681689
26200	524	461	0.953	187	0:00:04.684651
26300	526	526	0.146	188	0:00:04.690588
26400	528	606	0.0848	188	0:00:04.685492
26500	530	530	0.953	189	0:00:04.683097
26600	532	532	0.953	190	0:00:04.676122
26700	534	534	0.119	191	0:00:04.681356
26800	536	510	0.335	191	0:00:04.680178
26900	538	538	0.953	192	0:00:04.687821
27000	540	540	0.953	193	0:00:04.670199
27100	542	542	0.953	194	0:00:04.678997
27200	544	926	0.953	194	0:00:04.677588
27300	546	546	0.953	195	0:00:04.682420
27400	548	548	0.953	196	0:00:04.685076
27500	550	550	0.953	197	0:00:04.686474
27600	552	552	0.953	198	0:00:04.687991
27700	554	554	0.953	199	0:00:04.696437
27800	556	703	0.255	199	0:00:04.679826
27900	558	251	0.483	199	0:00:04.681831
28000	560	560	0.953	200	0:00:04.674008
28100	562	562	0.953	201	0:00:04.684556
28200	564	564	0.483	202	0:00:04.702369
28300	566	566	0.953	203	0:00:04.685754
28400	568	399	0.0	203	0:00:04.684614
28500	570	632	0.0	203	0:00:04.682953
28600	572	784	0.0522	203	0:00:04.680307
28700	574	574	0.953	204	0:00:04.683029
28800	576	515	0.0848	204	0:00:04.677768
28900	578	578	0.552	205	0:00:04.684022
29000	580	738	0.552	205	0:00:04.686685
29100	582	766	0.0	205	0:00:04.668556
29200	584	584	0.953	206	0:00:04.674377
29300	586	586	0.953	207	0:00:04.687379
29400	588	626	0.207	207	0:00:04.686723
29500	590	590	0.953	208	0:00:04.673943
29600	592	592	0.953	209	0:00:04.688191
29700	594	594	0.242	210	0:00:04.680234
29800	596	792	0.0	210	0:00:04.676733
29900	598	782	0.0	210	0:00:04.689852
30000	600	600	0.185	211	0:00:04.684889
30100	602	602	0.953	212	0:00:04.674484
30200	604	604	0.953	213	0:00:04.679244
30300	606	606	0.953	214	0:00:04.688711
30400	608	655	0.185	214	0:00:04.685019
30500	610	610	0.953	215	0:00:04.677278
30600	612	612	0.953	216	0:00:04.690620
30700	614	614	0.953	217	0:00:04.680675
30800	616	610	0.0	217	0:00:04.678266
30900	618	535	0.0126	217	0:00:04.682559
31000	620	681	0.439	217	0:00:04.681777
31100	622	622	0.953	218	0:00:04.684350
31200	624	520	0.0	218	0:00:04.673363
31300	626	686	0.0283	218	0:00:04.678398
31400	628	628	0.0	219	0:00:04.683133
31500	630	703	0.483	219	0:00:04.689550
31600	632	632	0.953	220	0:00:04.686772
31700	634	489	0.953	220	0:00:04.681851
31800	636	748	0.953	220	0:00:04.683403
31900	638	638	0.953	221	0:00:04.670521
32000	640	640	0.953	222	0:00:04.686332
32100	642	644	0.0765	222	0:00:04.682511
32200	644	644	0.953	223	0:00:04.693513
32300	646	646	0.953	224	0:00:04.681327
32400	648	729	0.23	224	0:00:04.674821
32500	650	486	0.255	224	0:00:04.689109
32600	652	652	0.953	225	0:00:04.676493
32700	654	436	0.0522	225	0:00:04.688547
32800	656	656	0.335	226	0:00:04.677118
32900	658	658	0.953	227	0:00:04.685009
33000	660	660	0.953	228	0:00:04.687776
33100	662	662	0.953	229	0:00:04.690011
33200	664	851	0.128	229	0:00:04.679088
33300	666	666	0.439	230	0:00:04.680383
33400	668	668	0.406	231	0:00:04.676064
33500	670	670	0.953	232	0:00:04.682935
33600	672	672	0.953	233	0:00:04.698017
33700	674	674	0.552	234	0:00:04.684767
33800	676	464	0.552	234	0:00:04.685571
33900	678	678	0.953	235	0:00:04.685175
34000	680	680	0.379	236	0:00:04.693210
34100	682	682	0.953	237	0:00:04.684645
34200	684	684	0.355	238	0:00:04.679772
34300	686	650	0.0	238	0:00:04.685926
34400	688	688	0.953	239	0:00:04.690510
34500	690	690	0.299	240	0:00:04.691417
34600	692	916	0.165	240	0:00:04.691747
34700	694	694	0.953	241	0:00:04.679758
34800	696	761	0.0	241	0:00:04.689243
34900	698	698	0.146	242	0:00:04.683228
35000	700	700	0.218	243	0:00:04.680865
35100	702	422	0.953	243	0:00:04.676661
35200	704	877	0.0522	243	0:00:04.683054
35300	706	762	0.0	243	0:00:04.690575
35400	708	708	0.953	244	0:00:04.680415
35500	710	804	0.137	244	0:00:04.682982
35600	712	720	0.0	244	0:00:04.690569
35700	714	714	0.953	245	0:00:04.679251
35800	716	716	0.953	246	0:00:04.686419
35900	718	449	0.355	246	0:00:04.685215
36000	720	720	0.00477	247	0:00:04.688330
36100	722	722	0.953	248	0:00:04.689554
36200	724	780	0.953	248	0:00:04.687304
36300	726	726	0.953	249	0:00:04.690038
36400	728	643	0.0283	249	0:00:04.680064
36500	730	634	0.284	249	0:00:04.689063
36600	732	732	0.953	250	0:00:04.683895
36700	734	734	0.953	251	0:00:04.681468
36800	736	736	0.953	252	0:00:04.683004
36900	738	738	0.11	253	0:00:04.688433
37000	740	795	0.0	253	0:00:04.680445
37100	742	713	0.128	253	0:00:04.678339
37200	744	744	0.953	254	0:00:04.695094
37300	746	746	0.953	255	0:00:04.682846
37400	748	748	0.953	256	0:00:04.684390
37500	750	208	0.335	256	0:00:04.680800
37600	752	681	0.483	256	0:00:04.682424
37700	754	485	0.355	256	0:00:04.687898
37800	756	756	0.552	257	0:00:04.681252
37900	758	872	0.299	257	0:00:04.688784
38000	760	651	0.0	257	0:00:04.687145
38100	762	762	0.335	258	0:00:04.682969
38200	764	650	0.316	258	0:00:04.683815
38300	766	467	0.269	258	0:00:04.688413
38400	768	768	0.953	259	0:00:04.684151
38500	770	770	0.0	260	0:00:04.675658
38600	772	772	0.953	261	0:00:04.679069
38700	774	774	0.119	262	0:00:04.682130
38800	776	875	0.0683	262	0:00:04.685858
38900	778	747	0.0	262	0:00:04.690475
39000	780	780	0.0	263	0:00:04.684958
39100	782	851	0.483	263	0:00:04.682604
39200	784	891	0.0848	263	0:00:04.690350
39300	786	786	0.0	264	0:00:04.688878
39400	788	729	0.165	264	0:00:04.691651
39500	790	791	0.953	264	0:00:04.682587
39600	792	792	0.953	265	0:00:04.690094
39700	794	794	0.953	266	0:00:04.689170
39800	796	796	0.953	267	0:00:04.689451
39900	798	798	0.953	268	0:00:04.680982
40000	800	800	0.953	269	0:00:04.684268
40100	802	802	0.953	270	0:00:04.684977
40200	804	804	0.953	271	0:00:04.681988
40300	806	806	0.953	272	0:00:04.682871
40400	808	808	0.953	273	0:00:04.677958
40500	810	810	0.953	274	0:00:04.681444
40600	812	812	0.953	275	0:00:04.678280
40700	814	814	0.953	276	0:00:04.689250
40800	816	816	0.953	277	0:00:04.689499
40900	818	878	0.0283	277	0:00:04.676767
41000	820	820	0.11	278	0:00:04.686819
41100	822	822	0.953	279	0:00:04.679845
41200	824	824	0.953	280	0:00:04.687692
41300	826	531	0.439	280	0:00:04.682819
41400	828	633	0.11	280	0:00:04.695508
41500	830	785	0.0602	280	0:00:04.689155
41600	832	832	0.953	281	0:00:04.683449
41700	834	834	0.0	282	0:00:04.685070
41800	836	638	0.953	282	0:00:04.680687
41900	838	631	0.552	282	0:00:04.679131
42000	840	840	0.379	283	0:00:04.683659
42100	842	842	0.196	284	0:00:04.693130
42200	844	844	0.953	285	0:00:04.678698
42300	846	846	0.379	286	0:00:04.694091
42400	848	732	0.0683	286	0:00:04.686869
42500	850	850	0.0442	287	0:00:04.684232
42600	852	852	0.953	288	0:00:04.687342
42700	854	854	0.953	289	0:00:04.671191
42800	856	856	0.0	290	0:00:04.683591
42900	858	538	0.0932	290	0:00:04.679089
43000	860	892	0.0522	290	0:00:04.677971
43100	862	530	0.0	290	0:00:04.686252
43200	864	864	0.00477	291	0:00:04.687913
43300	866	866	0.953	292	0:00:04.678755
43400	868	967	0.0	292	0:00:04.677119
43500	870	870	0.953	293	0:00:04.687342
43600	872	840	0.953	293	0:00:04.687258
43700	874	874	0.953	294	0:00:04.689227
43800	876	435	0.953	294	0:00:04.687805
43900	878	878	0.953	295	0:00:04.696547
44000	880	880	0.156	296	0:00:04.690568
44100	882	526	0.953	296	0:00:04.688981
44200	884	884	0.953	297	0:00:04.683073
44300	886	886	0.953	298	0:00:04.687351
44400	888	718	0.23	298	0:00:04.687003
44500	890	890	0.439	299	0:00:04.687913
44600	892	442	0.953	299	0:00:04.693254
44700	894	894	0.953	300	0:00:04.688147
44800	896	896	0.953	301	0:00:04.685634
44900	898	855	0.0	301	0:00:04.682489
45000	900	900	0.953	302	0:00:04.699286
45100	902	902	0.953	303	0:00:04.683300
45200	904	905	0.242	303	0:00:04.677981
45300	906	906	0.953	304	0:00:04.691265
45400	908	895	0.953	304	0:00:04.679080
45500	910	641	0.0	304	0:00:04.675133
45600	912	677	0.953	304	0:00:04.677851
45700	914	914	0.953	305	0:00:04.680336
45800	916	916	0.953	306	0:00:04.689646
45900	918	918	0.953	307	0:00:04.678085
46000	920	607	0.146	307	0:00:04.682965
46100	922	922	0.953	308	0:00:04.686753
46200	924	924	0.242	309	0:00:04.682717
46300	926	926	0.953	310	0:00:04.695150
46400	928	927	0.185	310	0:00:04.688947
46500	930	930	0.242	311	0:00:04.675088
46600	932	932	0.953	312	0:00:04.691932
46700	934	934	0.0602	313	0:00:04.684274
46800	936	936	0.953	314	0:00:04.684726
46900	938	938	0.953	315	0:00:04.678466
47000	940	969	0.0	315	0:00:04.682147
47100	942	942	0.953	316	0:00:04.680197
47200	944	946	0.953	316	0:00:04.689940
47300	946	946	0.953	317	0:00:04.675688
47400	948	948	0.953	318	0:00:04.678447
47500	950	950	0.953	319	0:00:04.677175
47600	952	90	0.953	319	0:00:04.678226
47700	954	954	0.953	320	0:00:04.675103
47800	956	956	0.953	321	0:00:04.690917
47900	958	483	0.0205	321	0:00:04.674006
48000	960	960	0.953	322	0:00:04.686491
48100	962	962	0.953	323	0:00:04.682404
48200	964	964	0.953	324	0:00:04.678854
48300	966	774	0.119	324	0:00:04.689466
48400	968	968	0.953	325	0:00:04.697533
48500	970	795	0.355	325	0:00:04.676776
48600	972	979	0.953	325	0:00:04.674747
48700	974	974	0.953	326	0:00:04.673664
48800	976	780	0.242	326	0:00:04.680855
48900	978	978	0.0	327	0:00:04.681142
49000	980	980	0.953	328	0:00:04.685865
49100	982	982	0.953	329	0:00:04.693887
49200	984	984	0.953	330	0:00:04.680080
49300	986	986	0.953	331	0:00:04.681466
49400	988	988	0.953	332	0:00:04.680476
49500	990	990	0.953	333	0:00:04.682961
49600	992	992	0.953	334	0:00:04.684514
49700	994	994	0.953	335	0:00:04.686994
49800	996	996	0.953	336	0:00:04.687789
49900	998	987	0.953	336	0:00:04.679583
