idx	label	predict	radius	correct	time
0	3	3	0.431	1	0:00:00.204037
5	6	6	0.382	1	0:00:00.085144
10	0	0	0.593	1	0:00:00.082936
15	8	8	0.97	1	0:00:00.082933
20	7	1	0.0637	0	0:00:00.082873
25	2	2	0.366	1	0:00:00.083048
30	6	6	0.566	1	0:00:00.083224
35	2	3	0.337	0	0:00:00.082984
40	4	4	0.652	1	0:00:00.082992
45	9	9	0.97	1	0:00:00.083002
50	9	9	0.735	1	0:00:00.083144
55	8	8	0.579	1	0:00:00.083067
60	7	7	0.97	1	0:00:00.083033
65	2	2	0.84	1	0:00:00.083172
70	2	4	0.115	0	0:00:00.083069
75	2	2	0.873	1	0:00:00.083114
80	8	8	0.97	1	0:00:00.083085
85	5	7	0.421	0	0:00:00.083091
90	0	0	0.713	1	0:00:00.083139
95	6	6	0.0182	1	0:00:00.083056
100	4	4	0.135	1	0:00:00.083110
105	1	1	0.97	1	0:00:00.083054
110	4	4	0.29	1	0:00:00.083020
115	3	3	0.355	1	0:00:00.083183
120	8	8	0.437	1	0:00:00.083139
125	0	0	0.0	0	0:00:00.083119
130	4	4	0.599	1	0:00:00.083245
135	2	2	0.323	1	0:00:00.083585
140	6	6	0.421	1	0:00:00.083259
145	7	7	0.44	1	0:00:00.083178
150	8	8	0.97	1	0:00:00.083077
155	5	5	0.504	1	0:00:00.083151
160	2	2	0.653	1	0:00:00.083117
165	4	2	0.33	0	0:00:00.083181
170	9	9	0.97	1	0:00:00.083430
175	9	9	0.97	1	0:00:00.083213
180	0	0	0.873	1	0:00:00.083110
185	8	8	0.97	1	0:00:00.083057
190	5	5	0.365	1	0:00:00.083171
195	2	2	0.187	1	0:00:00.083096
200	5	5	0.11	1	0:00:00.083112
205	3	3	0.673	1	0:00:00.083145
210	7	6	0.0	0	0:00:00.083043
215	0	0	0.777	1	0:00:00.083162
220	7	5	0.158	0	0:00:00.083150
225	9	9	0.465	1	0:00:00.083133
230	5	5	0.97	1	0:00:00.083072
235	0	0	0.97	1	0:00:00.083077
240	1	1	0.97	1	0:00:00.083063
245	3	3	0.368	1	0:00:00.083140
250	5	5	0.469	1	0:00:00.083145
255	0	0	0.0304	1	0:00:00.083177
260	8	8	0.35	1	0:00:00.083110
265	8	8	0.97	1	0:00:00.083090
270	2	4	0.173	0	0:00:00.083050
275	5	3	0.299	0	0:00:00.083162
280	9	9	0.483	1	0:00:00.083113
285	9	9	0.97	1	0:00:00.083119
290	1	1	0.97	1	0:00:00.083090
295	4	4	0.08	1	0:00:00.083091
300	6	6	0.97	1	0:00:00.083132
305	1	1	0.873	1	0:00:00.083139
310	8	8	0.706	1	0:00:00.083223
315	0	0	0.97	1	0:00:00.083124
320	3	3	0.409	1	0:00:00.083158
325	1	1	0.497	1	0:00:00.083158
330	1	1	0.97	1	0:00:00.083088
335	9	9	0.873	1	0:00:00.083131
340	2	4	0.0259	0	0:00:00.083084
345	5	5	0.97	1	0:00:00.083129
350	9	9	0.97	1	0:00:00.083203
355	7	3	0.0885	0	0:00:00.083177
360	9	9	0.657	1	0:00:00.083212
365	4	4	0.485	1	0:00:00.083127
370	4	4	0.278	1	0:00:00.083138
375	7	7	0.97	1	0:00:00.083093
380	6	6	0.662	1	0:00:00.083092
385	8	8	0.287	1	0:00:00.083075
390	1	1	0.97	1	0:00:00.083069
395	6	6	0.361	1	0:00:00.083149
400	9	9	0.97	1	0:00:00.083053
405	4	2	0.0323	0	0:00:00.083131
410	7	7	0.84	1	0:00:00.083141
415	9	9	0.97	1	0:00:00.083032
420	4	4	0.673	1	0:00:00.083136
425	9	9	0.97	1	0:00:00.083135
430	2	2	0.132	1	0:00:00.083091
435	7	7	0.852	1	0:00:00.083218
440	1	1	0.97	1	0:00:00.083114
445	7	7	0.422	1	0:00:00.083147
450	2	2	0.665	1	0:00:00.083168
455	4	4	0.162	1	0:00:00.083379
460	5	5	0.97	1	0:00:00.083131
465	4	4	0.336	1	0:00:00.083247
470	3	3	0.0545	1	0:00:00.083237
475	7	7	0.97	1	0:00:00.083122
480	8	8	0.3	1	0:00:00.083219
485	9	8	0.00501	0	0:00:00.083152
490	1	1	0.97	1	0:00:00.083125
495	8	8	0.97	1	0:00:00.083049
500	4	4	0.109	1	0:00:00.083220
505	4	4	0.572	1	0:00:00.083248
510	5	5	0.779	1	0:00:00.083210
515	3	3	0.873	1	0:00:00.083175
520	5	5	0.381	1	0:00:00.083228
525	5	5	0.229	1	0:00:00.083185
530	9	9	0.873	1	0:00:00.083230
535	6	6	0.873	1	0:00:00.083202
540	1	1	0.97	1	0:00:00.083147
545	9	9	0.97	1	0:00:00.083115
550	5	3	0.049	0	0:00:00.083097
555	4	4	0.0	0	0:00:00.083129
560	0	0	0.97	1	0:00:00.083151
565	3	5	0.455	0	0:00:00.083142
570	6	6	0.515	1	0:00:00.083143
575	6	6	0.513	1	0:00:00.083198
580	4	4	0.632	1	0:00:00.083236
585	9	1	0.0	0	0:00:00.083093
590	6	6	0.873	1	0:00:00.083202
595	4	4	0.873	1	0:00:00.083242
600	8	8	0.764	1	0:00:00.083148
605	6	6	0.97	1	0:00:00.083131
610	6	6	0.667	1	0:00:00.083230
615	8	2	0.0	0	0:00:00.083163
620	7	7	0.764	1	0:00:00.083168
625	9	9	0.688	1	0:00:00.083229
630	2	8	0.051	0	0:00:00.083243
635	6	6	0.325	1	0:00:00.083167
640	5	3	0.255	0	0:00:00.083196
645	1	1	0.465	1	0:00:00.083151
650	3	3	0.789	1	0:00:00.083042
655	2	2	0.222	1	0:00:00.083163
660	9	9	0.873	1	0:00:00.083182
665	8	8	0.192	1	0:00:00.083205
670	6	6	0.97	1	0:00:00.083066
675	0	0	0.392	1	0:00:00.083214
680	9	1	0.117	0	0:00:00.083163
685	6	2	0.16	0	0:00:00.083159
690	3	4	0.104	0	0:00:00.083226
695	3	3	0.173	1	0:00:00.083144
700	7	7	0.97	1	0:00:00.083101
705	4	4	0.97	1	0:00:00.083113
710	6	2	0.313	0	0:00:00.083220
715	3	3	0.314	1	0:00:00.083160
720	4	4	0.357	1	0:00:00.083156
725	2	0	0.0	0	0:00:00.083120
730	4	4	0.29	1	0:00:00.083250
735	4	2	0.0341	0	0:00:00.083029
740	2	5	0.441	0	0:00:00.083166
745	7	7	0.852	1	0:00:00.083234
750	9	9	0.97	1	0:00:00.083142
755	2	4	0.491	0	0:00:00.083160
760	3	3	0.455	1	0:00:00.083214
765	2	2	0.97	1	0:00:00.083170
770	6	6	0.213	1	0:00:00.083089
775	2	4	0.221	0	0:00:00.083113
780	9	9	0.97	1	0:00:00.083205
785	0	0	0.241	1	0:00:00.083208
790	3	0	0.97	0	0:00:00.083120
795	7	7	0.353	1	0:00:00.083175
800	7	7	0.97	1	0:00:00.083106
805	4	4	0.326	1	0:00:00.083086
810	5	3	0.101	0	0:00:00.083184
815	8	8	0.97	1	0:00:00.083061
820	6	6	0.134	1	0:00:00.083156
825	3	3	0.489	1	0:00:00.083147
830	1	1	0.873	1	0:00:00.083104
835	4	3	0.00231	0	0:00:00.083532
840	7	7	0.97	1	0:00:00.083099
845	3	2	0.7	0	0:00:00.083128
850	7	5	0.219	0	0:00:00.083132
855	7	7	0.97	1	0:00:00.083110
860	4	4	0.188	1	0:00:00.083147
865	1	1	0.97	1	0:00:00.083159
870	3	3	0.852	1	0:00:00.083255
875	8	8	0.7	1	0:00:00.083129
880	8	8	0.97	1	0:00:00.083335
885	0	0	0.852	1	0:00:00.083188
890	4	4	0.152	1	0:00:00.083170
895	1	1	0.594	1	0:00:00.083166
900	2	2	0.0346	1	0:00:00.083102
905	7	7	0.364	1	0:00:00.083190
910	5	5	0.0429	1	0:00:00.083147
915	1	1	0.873	1	0:00:00.083267
920	6	6	0.423	1	0:00:00.083197
925	5	3	0.97	0	0:00:00.083165
930	4	4	0.812	1	0:00:00.083184
935	2	2	0.97	1	0:00:00.083082
940	9	9	0.97	1	0:00:00.083235
945	3	3	0.348	1	0:00:00.083256
950	3	3	0.329	1	0:00:00.083157
955	7	7	0.873	1	0:00:00.083159
960	9	9	0.3	1	0:00:00.083204
965	6	2	0.0614	0	0:00:00.083170
970	9	9	0.873	1	0:00:00.083198
975	0	0	0.97	1	0:00:00.083119
980	2	6	0.0	0	0:00:00.083125
985	8	8	0.97	1	0:00:00.083187
990	1	1	0.97	1	0:00:00.083190
995	3	3	0.0	0	0:00:00.083075
1000	5	5	0.97	1	0:00:00.083090
1005	1	1	0.797	1	0:00:00.083174
1010	0	0	0.97	1	0:00:00.083196
1015	4	4	0.546	1	0:00:00.083187
1020	1	1	0.97	1	0:00:00.083150
1025	5	5	0.873	1	0:00:00.083235
1030	3	3	0.97	1	0:00:00.083096
1035	6	6	0.0	0	0:00:00.083079
1040	7	2	0.143	0	0:00:00.083233
1045	5	3	0.0942	0	0:00:00.083202
1050	3	3	0.14	1	0:00:00.083248
1055	5	5	0.725	1	0:00:00.083196
1060	9	9	0.97	1	0:00:00.083201
1065	3	9	0.168	0	0:00:00.083225
1070	3	3	0.852	1	0:00:00.083198
1075	8	8	0.251	1	0:00:00.083177
1080	6	6	0.424	1	0:00:00.083206
1085	4	4	0.97	1	0:00:00.083127
1090	0	0	0.587	1	0:00:00.083200
1095	2	2	0.97	1	0:00:00.083148
1100	7	7	0.467	1	0:00:00.083290
1105	4	3	0.425	0	0:00:00.083252
1110	2	2	0.97	1	0:00:00.083141
1115	1	1	0.97	1	0:00:00.083105
1120	5	5	0.048	1	0:00:00.083175
1125	6	6	0.74	1	0:00:00.083158
1130	7	4	0.109	0	0:00:00.083198
1135	6	6	0.852	1	0:00:00.083109
1140	6	6	0.393	1	0:00:00.083140
1145	4	4	0.229	1	0:00:00.083153
1150	2	7	0.218	0	0:00:00.083236
1155	9	9	0.46	1	0:00:00.083283
1160	8	8	0.353	1	0:00:00.083148
1165	0	0	0.831	1	0:00:00.083248
1170	7	7	0.97	1	0:00:00.083179
1175	9	9	0.873	1	0:00:00.083124
1180	3	3	0.753	1	0:00:00.083162
1185	1	1	0.425	1	0:00:00.083145
1190	1	1	0.642	1	0:00:00.083132
1195	6	6	0.97	1	0:00:00.083172
1200	8	8	0.313	1	0:00:00.083236
1205	8	8	0.97	1	0:00:00.083199
1210	0	0	0.97	1	0:00:00.083102
1215	7	7	0.97	1	0:00:00.083141
1220	9	2	0.119	0	0:00:00.083044
1225	6	6	0.401	1	0:00:00.083133
1230	5	3	0.268	0	0:00:00.083139
1235	5	5	0.467	1	0:00:00.083305
1240	2	6	0.162	0	0:00:00.083155
1245	6	6	0.725	1	0:00:00.083190
1250	7	7	0.873	1	0:00:00.083153
1255	4	4	0.97	1	0:00:00.083212
1260	1	9	0.155	0	0:00:00.083097
1265	9	1	0.393	0	0:00:00.083181
1270	1	1	0.0916	1	0:00:00.083179
1275	3	3	0.211	1	0:00:00.083248
1280	3	5	0.249	0	0:00:00.083260
1285	9	9	0.286	1	0:00:00.083284
1290	5	5	0.97	1	0:00:00.083125
1295	0	0	0.97	1	0:00:00.083099
1300	4	3	0.587	0	0:00:00.083097
1305	9	9	0.665	1	0:00:00.083460
1310	0	0	0.97	1	0:00:00.083110
1315	4	4	0.223	1	0:00:00.083236
1320	7	7	0.852	1	0:00:00.083146
1325	2	2	0.108	1	0:00:00.083157
1330	2	3	0.0222	0	0:00:00.083168
1335	1	1	0.97	1	0:00:00.083184
1340	1	1	0.97	1	0:00:00.083144
1345	4	4	0.186	1	0:00:00.083156
1350	4	2	0.0485	0	0:00:00.083118
1355	5	3	0.0	0	0:00:00.083058
1360	7	7	0.444	1	0:00:00.083213
1365	0	0	0.97	1	0:00:00.083148
1370	9	9	0.381	1	0:00:00.083161
1375	4	4	0.97	1	0:00:00.083158
1380	4	4	0.0504	1	0:00:00.083154
1385	5	5	0.253	1	0:00:00.083270
1390	6	6	0.97	1	0:00:00.083145
1395	3	3	0.168	1	0:00:00.083182
1400	5	5	0.0947	1	0:00:00.083114
1405	1	1	0.438	1	0:00:00.083226
1410	1	1	0.97	1	0:00:00.083166
1415	7	7	0.62	1	0:00:00.083248
1420	4	4	0.157	1	0:00:00.083182
1425	4	4	0.333	1	0:00:00.083227
1430	8	8	0.212	1	0:00:00.083132
1435	1	1	0.97	1	0:00:00.083120
1440	0	0	0.203	1	0:00:00.083243
1445	3	3	0.334	1	0:00:00.083234
1450	2	2	0.249	1	0:00:00.083171
1455	6	6	0.97	1	0:00:00.083157
1460	6	6	0.97	1	0:00:00.083199
1465	9	9	0.873	1	0:00:00.083222
1470	7	7	0.0136	1	0:00:00.083217
1475	9	9	0.84	1	0:00:00.083175
1480	1	1	0.604	1	0:00:00.083155
1485	0	0	0.622	1	0:00:00.083163
1490	8	8	0.97	1	0:00:00.083166
1495	2	2	0.22	1	0:00:00.083227
1500	1	1	0.97	1	0:00:00.083168
1505	2	2	0.218	1	0:00:00.083268
1510	8	4	0.0973	0	0:00:00.083245
1515	2	2	0.715	1	0:00:00.083186
1520	7	7	0.97	1	0:00:00.083148
1525	3	5	0.117	0	0:00:00.083123
1530	3	3	0.335	1	0:00:00.083134
1535	4	2	0.0599	0	0:00:00.083214
1540	8	8	0.97	1	0:00:00.083411
1545	1	1	0.203	1	0:00:00.084051
1550	6	6	0.496	1	0:00:00.083339
1555	0	0	0.162	1	0:00:00.083253
1560	7	7	0.97	1	0:00:00.083153
1565	6	6	0.74	1	0:00:00.083174
1570	4	4	0.28	1	0:00:00.083084
1575	2	2	0.648	1	0:00:00.083047
1580	6	1	0.0921	0	0:00:00.083139
1585	7	7	0.97	1	0:00:00.083293
1590	4	4	0.0116	1	0:00:00.083802
1595	3	3	0.251	1	0:00:00.090465
1600	8	8	0.104	1	0:00:00.091543
1605	3	2	0.0209	0	0:00:00.091357
1610	2	2	0.173	1	0:00:00.091623
1615	7	7	0.97	1	0:00:00.085261
1620	5	3	0.104	0	0:00:00.091307
1625	3	3	0.4	1	0:00:00.091556
1630	9	9	0.97	1	0:00:00.091082
1635	7	7	0.305	1	0:00:00.091654
1640	7	3	0.22	0	0:00:00.091441
1645	4	4	0.97	1	0:00:00.091244
1650	5	5	0.684	1	0:00:00.091257
1655	8	8	0.97	1	0:00:00.091609
1660	3	3	0.852	1	0:00:00.091318
1665	6	6	0.97	1	0:00:00.091331
1670	6	4	0.071	0	0:00:00.091186
1675	5	5	0.238	1	0:00:00.089501
1680	6	6	0.477	1	0:00:00.091464
1685	8	6	0.222	0	0:00:00.090773
1690	2	2	0.0725	1	0:00:00.091957
1695	9	9	0.565	1	0:00:00.085165
1700	5	5	0.183	1	0:00:00.083014
1705	0	0	0.97	1	0:00:00.083086
1710	4	4	0.35	1	0:00:00.083398
1715	3	2	0.0486	0	0:00:00.083174
1720	4	4	0.242	1	0:00:00.088180
1725	0	0	0.97	1	0:00:00.100800
1730	4	0	0.0163	0	0:00:00.167595
1735	0	0	0.97	1	0:00:00.169811
1740	1	1	0.558	1	0:00:00.170667
1745	5	5	0.97	1	0:00:00.170911
1750	8	8	0.388	1	0:00:00.170617
1755	7	7	0.97	1	0:00:00.170552
1760	0	0	0.541	1	0:00:00.170902
1765	4	6	0.0551	0	0:00:00.171212
1770	7	7	0.453	1	0:00:00.173010
1775	3	3	0.97	1	0:00:00.172411
1780	7	7	0.764	1	0:00:00.171886
1785	0	0	0.248	1	0:00:00.172211
1790	7	7	0.192	1	0:00:00.172005
1795	6	6	0.396	1	0:00:00.172433
1800	4	4	0.209	1	0:00:00.172110
1805	8	8	0.97	1	0:00:00.174675
1810	1	1	0.852	1	0:00:00.169899
1815	9	9	0.97	1	0:00:00.172819
1820	8	8	0.395	1	0:00:00.172320
1825	2	2	0.97	1	0:00:00.171829
1830	3	4	0.00185	0	0:00:00.171928
1835	0	0	0.0	0	0:00:00.172643
1840	8	4	0.0	0	0:00:00.172694
1845	7	7	0.0749	1	0:00:00.172448
1850	1	5	0.192	0	0:00:00.169742
1855	5	5	0.276	1	0:00:00.171179
1860	8	8	0.873	1	0:00:00.168722
1865	7	7	0.817	1	0:00:00.173152
1870	2	2	0.873	1	0:00:00.170671
1875	0	0	0.97	1	0:00:00.170615
1880	1	1	0.97	1	0:00:00.168494
1885	5	5	0.513	1	0:00:00.170892
1890	6	6	0.764	1	0:00:00.170876
1895	8	8	0.00501	1	0:00:00.171116
1900	8	8	0.97	1	0:00:00.170578
1905	3	3	0.122	1	0:00:00.170701
1910	4	4	0.461	1	0:00:00.171319
1915	9	9	0.97	1	0:00:00.172246
1920	2	2	0.97	1	0:00:00.172714
1925	1	1	0.645	1	0:00:00.174419
1930	1	1	0.611	1	0:00:00.172735
1935	6	3	0.169	0	0:00:00.172388
1940	5	5	0.97	1	0:00:00.170067
1945	4	4	0.163	1	0:00:00.174752
1950	5	3	0.0551	0	0:00:00.172378
1955	2	7	0.0199	0	0:00:00.169541
1960	2	5	0.437	0	0:00:00.175144
1965	0	0	0.794	1	0:00:00.172043
1970	1	1	0.97	1	0:00:00.172344
1975	6	3	0.0	0	0:00:00.172381
1980	9	9	0.97	1	0:00:00.171879
1985	6	6	0.143	1	0:00:00.172406
1990	4	7	0.0978	0	0:00:00.172391
1995	2	2	0.97	1	0:00:00.169821
2000	1	1	0.852	1	0:00:00.174911
2005	5	5	0.137	1	0:00:00.169730
2010	7	2	0.0627	0	0:00:00.172110
2015	4	4	0.219	1	0:00:00.174368
2020	9	9	0.97	1	0:00:00.172396
2025	4	4	0.253	1	0:00:00.169867
2030	4	4	0.355	1	0:00:00.170309
2035	6	6	0.378	1	0:00:00.170617
2040	0	0	0.97	1	0:00:00.171139
2045	1	1	0.97	1	0:00:00.168861
2050	8	8	0.873	1	0:00:00.170656
2055	5	5	0.628	1	0:00:00.170913
2060	5	3	0.477	0	0:00:00.173101
2065	2	4	0.0298	0	0:00:00.170572
2070	2	2	0.084	1	0:00:00.171301
2075	4	4	0.0222	1	0:00:00.171383
2080	1	1	0.0312	1	0:00:00.170918
2085	0	0	0.84	1	0:00:00.170993
2090	2	2	0.737	1	0:00:00.170786
2095	0	0	0.97	1	0:00:00.171077
2100	2	2	0.471	1	0:00:00.168481
2105	6	6	0.97	1	0:00:00.172486
2110	0	0	0.679	1	0:00:00.170408
2115	5	5	0.812	1	0:00:00.171008
2120	4	8	0.466	0	0:00:00.170705
2125	1	1	0.244	1	0:00:00.170762
2130	0	0	0.75	1	0:00:00.170667
2135	8	8	0.97	1	0:00:00.170782
2140	9	9	0.97	1	0:00:00.168891
2145	7	7	0.0911	1	0:00:00.170709
2150	9	9	0.873	1	0:00:00.168713
2155	9	8	0.0	0	0:00:00.172107
2160	0	0	0.769	1	0:00:00.171203
2165	2	0	0.368	0	0:00:00.170900
2170	2	2	0.97	1	0:00:00.168457
2175	3	3	0.118	1	0:00:00.170993
2180	4	4	0.7	1	0:00:00.168117
2185	0	0	0.65	1	0:00:00.170509
2190	9	9	0.97	1	0:00:00.172020
2195	4	4	0.386	1	0:00:00.171787
2200	0	2	0.137	0	0:00:00.171536
2205	5	5	0.287	1	0:00:00.172264
2210	2	2	0.74	1	0:00:00.170561
2215	0	0	0.206	1	0:00:00.171652
2220	1	1	0.97	1	0:00:00.171569
2225	7	7	0.97	1	0:00:00.171884
2230	3	3	0.452	1	0:00:00.172020
2235	2	2	0.97	1	0:00:00.172330
2240	9	9	0.326	1	0:00:00.171760
2245	8	8	0.651	1	0:00:00.172078
2250	7	7	0.176	1	0:00:00.174126
2255	1	1	0.564	1	0:00:00.170519
2260	4	4	0.873	1	0:00:00.170888
2265	8	8	0.97	1	0:00:00.171007
2270	2	4	0.00682	0	0:00:00.171160
2275	6	6	0.489	1	0:00:00.170890
2280	4	4	0.262	1	0:00:00.170997
2285	3	3	0.0118	1	0:00:00.168902
2290	9	9	0.873	1	0:00:00.172658
2295	8	8	0.7	1	0:00:00.168385
2300	3	4	0.0	0	0:00:00.172731
2305	9	9	0.204	1	0:00:00.170709
2310	6	7	0.0218	0	0:00:00.171256
2315	2	2	0.97	1	0:00:00.168131
2320	5	2	0.245	0	0:00:00.171059
2325	7	5	0.0	0	0:00:00.170936
2330	0	0	0.873	1	0:00:00.171696
2335	5	3	0.792	0	0:00:00.171561
2340	7	7	0.97	1	0:00:00.171804
2345	1	1	0.97	1	0:00:00.172495
2350	3	6	0.0	0	0:00:00.173739
2355	9	9	0.0715	1	0:00:00.168355
2360	7	7	0.347	1	0:00:00.170926
2365	7	7	0.97	1	0:00:00.171660
2370	0	0	0.84	1	0:00:00.171942
2375	0	0	0.341	1	0:00:00.171883
2380	8	8	0.852	1	0:00:00.172484
2385	4	5	0.0	0	0:00:00.171982
2390	1	1	0.257	1	0:00:00.171912
2395	7	7	0.144	1	0:00:00.171632
2400	0	0	0.97	1	0:00:00.170902
2405	3	6	0.97	0	0:00:00.172538
2410	3	3	0.97	1	0:00:00.171964
2415	6	6	0.315	1	0:00:00.171781
2420	8	1	0.0	0	0:00:00.171471
2425	0	0	0.64	1	0:00:00.172050
2430	7	7	0.234	1	0:00:00.172015
2435	6	6	0.215	1	0:00:00.171640
2440	7	7	0.196	1	0:00:00.171832
2445	6	6	0.97	1	0:00:00.173551
2450	1	1	0.97	1	0:00:00.171111
2455	6	6	0.252	1	0:00:00.170697
2460	9	9	0.257	1	0:00:00.168273
2465	9	9	0.699	1	0:00:00.170636
2470	7	7	0.97	1	0:00:00.171960
2475	6	6	0.764	1	0:00:00.172098
2480	8	8	0.97	1	0:00:00.171639
2485	6	6	0.97	1	0:00:00.172034
2490	0	0	0.183	1	0:00:00.171708
2495	9	8	0.265	0	0:00:00.173966
2500	4	4	0.142	1	0:00:00.170653
2505	7	7	0.0113	1	0:00:00.170285
2510	4	4	0.58	1	0:00:00.168869
2515	2	2	0.4	1	0:00:00.170467
2520	1	1	0.18	1	0:00:00.171989
2525	5	3	0.29	0	0:00:00.171936
2530	6	6	0.246	1	0:00:00.171886
2535	0	0	0.0	0	0:00:00.171752
2540	2	3	0.0	0	0:00:00.174107
2545	4	4	0.873	1	0:00:00.171142
2550	4	4	0.199	1	0:00:00.170597
2555	7	0	0.0769	0	0:00:00.171144
2560	7	7	0.513	1	0:00:00.170936
2565	3	3	0.346	1	0:00:00.171007
2570	0	0	0.124	1	0:00:00.171095
2575	5	4	0.0	0	0:00:00.168801
2580	6	6	0.606	1	0:00:00.170829
2585	3	2	0.0918	0	0:00:00.172200
2590	5	5	0.296	1	0:00:00.172012
2595	4	4	0.725	1	0:00:00.171144
2600	8	8	0.764	1	0:00:00.172082
2605	4	4	0.0835	1	0:00:00.172054
2610	2	2	0.97	1	0:00:00.172381
2615	7	7	0.662	1	0:00:00.172595
2620	1	1	0.823	1	0:00:00.171237
2625	2	2	0.725	1	0:00:00.171932
2630	2	2	0.473	1	0:00:00.172103
2635	6	4	0.125	0	0:00:00.171624
2640	7	7	0.97	1	0:00:00.174595
2645	1	1	0.97	1	0:00:00.170868
2650	5	9	0.273	0	0:00:00.170241
2655	4	4	0.0739	1	0:00:00.170310
2660	3	3	0.575	1	0:00:00.170802
2665	1	1	0.97	1	0:00:00.170897
2670	9	9	0.693	1	0:00:00.170830
2675	2	4	0.0712	0	0:00:00.170981
2680	0	0	0.97	1	0:00:00.168649
2685	2	4	0.0589	0	0:00:00.172691
2690	2	6	0.0705	0	0:00:00.170645
2695	2	2	0.622	1	0:00:00.170505
2700	9	1	0.156	0	0:00:00.170881
2705	8	8	0.0209	1	0:00:00.170999
2710	7	7	0.97	1	0:00:00.170873
2715	0	0	0.97	1	0:00:00.168885
2720	3	3	0.485	1	0:00:00.170391
2725	8	8	0.725	1	0:00:00.172067
2730	6	6	0.501	1	0:00:00.172484
2735	2	2	0.0	0	0:00:00.173525
2740	1	1	0.335	1	0:00:00.170766
2745	8	8	0.97	1	0:00:00.169080
2750	5	5	0.873	1	0:00:00.170846
2755	5	7	0.312	0	0:00:00.171789
2760	2	2	0.543	1	0:00:00.171946
2765	9	9	0.873	1	0:00:00.171646
2770	7	7	0.019	1	0:00:00.171388
2775	3	3	0.0551	1	0:00:00.171599
2780	7	7	0.97	1	0:00:00.172378
2785	4	4	0.176	1	0:00:00.174431
2790	8	8	0.97	1	0:00:00.170394
2795	3	3	0.597	1	0:00:00.170988
2800	4	4	0.341	1	0:00:00.170708
2805	4	4	0.619	1	0:00:00.170855
2810	9	7	0.54	0	0:00:00.170766
2815	3	3	0.765	1	0:00:00.170582
2820	6	6	0.97	1	0:00:00.170714
2825	2	6	0.0547	0	0:00:00.168583
2830	6	6	0.97	1	0:00:00.172636
2835	4	2	0.435	0	0:00:00.171350
2840	3	3	0.767	1	0:00:00.170705
2845	5	5	0.0734	1	0:00:00.171164
2850	5	5	0.873	1	0:00:00.171007
2855	3	3	0.19	1	0:00:00.170738
2860	5	5	0.263	1	0:00:00.170698
2865	6	6	0.97	1	0:00:00.168908
2870	8	8	0.97	1	0:00:00.170838
2875	1	1	0.643	1	0:00:00.171925
2880	4	4	0.715	1	0:00:00.173751
2885	5	5	0.97	1	0:00:00.170849
2890	5	5	0.344	1	0:00:00.168445
2895	7	5	0.97	0	0:00:00.170876
2900	3	7	0.152	0	0:00:00.172269
2905	4	4	0.245	1	0:00:00.171829
2910	8	8	0.323	1	0:00:00.171677
2915	5	5	0.97	1	0:00:00.171669
2920	2	2	0.181	1	0:00:00.171948
2925	4	4	0.557	1	0:00:00.171930
2930	7	7	0.0195	1	0:00:00.171929
2935	8	8	0.42	1	0:00:00.171264
2940	3	0	0.455	0	0:00:00.171983
2945	7	7	0.506	1	0:00:00.171458
2950	1	1	0.193	1	0:00:00.171788
2955	2	3	0.0779	0	0:00:00.171539
2960	9	9	0.118	1	0:00:00.172061
2965	7	7	0.97	1	0:00:00.171378
2970	5	5	0.0999	1	0:00:00.172166
2975	9	2	0.0172	0	0:00:00.173779
2980	8	8	0.873	1	0:00:00.171428
2985	2	0	0.274	0	0:00:00.170937
2990	4	4	0.402	1	0:00:00.170536
2995	4	4	0.327	1	0:00:00.171030
3000	5	5	0.852	1	0:00:00.170931
3005	0	0	0.394	1	0:00:00.170814
3010	6	6	0.873	1	0:00:00.170522
3015	6	6	0.513	1	0:00:00.171102
3020	1	1	0.676	1	0:00:00.169149
3025	2	6	0.0291	0	0:00:00.173483
3030	6	6	0.241	1	0:00:00.170819
3035	3	3	0.412	1	0:00:00.168715
3040	7	7	0.97	1	0:00:00.170499
3045	5	5	0.97	1	0:00:00.171971
3050	0	0	0.491	1	0:00:00.171952
3055	9	9	0.97	1	0:00:00.171674
3060	7	7	0.852	1	0:00:00.172009
3065	3	2	0.0985	0	0:00:00.171953
3070	0	0	0.97	1	0:00:00.172512
3075	6	3	0.852	0	0:00:00.173419
3080	1	1	0.657	1	0:00:00.170426
3085	2	2	0.0437	1	0:00:00.170506
3090	4	4	0.542	1	0:00:00.171118
3095	4	4	0.0509	1	0:00:00.170960
3100	0	0	0.449	1	0:00:00.168586
3105	1	1	0.97	1	0:00:00.170818
3110	7	7	0.698	1	0:00:00.171375
3115	5	5	0.121	1	0:00:00.172115
3120	4	2	0.0486	0	0:00:00.174191
3125	3	3	0.511	1	0:00:00.170660
3130	3	3	0.401	1	0:00:00.170719
3135	7	7	0.152	1	0:00:00.170906
3140	8	8	0.764	1	0:00:00.171340
3145	9	9	0.0957	1	0:00:00.171226
3150	1	9	0.179	0	0:00:00.171451
3155	8	8	0.873	1	0:00:00.171307
3160	6	2	0.329	0	0:00:00.171193
3165	1	1	0.612	1	0:00:00.168555
3170	9	9	0.852	1	0:00:00.172649
3175	1	1	0.873	1	0:00:00.171356
3180	3	3	0.248	1	0:00:00.168515
3185	2	2	0.301	1	0:00:00.172549
3190	3	3	0.762	1	0:00:00.170240
3195	5	3	0.0725	0	0:00:00.170406
3200	5	5	0.97	1	0:00:00.170893
3205	8	8	0.873	1	0:00:00.170737
3210	9	9	0.97	1	0:00:00.170563
3215	1	1	0.97	1	0:00:00.171390
3220	3	9	0.0973	0	0:00:00.170328
3225	9	9	0.97	1	0:00:00.170948
3230	3	5	0.229	0	0:00:00.171459
3235	5	5	0.0181	1	0:00:00.170511
3240	4	0	0.00547	0	0:00:00.171543
3245	7	7	0.645	1	0:00:00.170567
3250	2	6	0.0181	0	0:00:00.170579
3255	5	5	0.873	1	0:00:00.170975
3260	7	7	0.84	1	0:00:00.168445
3265	8	8	0.97	1	0:00:00.172881
3270	8	8	0.3	1	0:00:00.170634
3275	5	5	0.0603	1	0:00:00.170682
3280	3	5	0.0513	0	0:00:00.170839
3285	1	1	0.455	1	0:00:00.171067
3290	5	5	0.555	1	0:00:00.171272
3295	9	9	0.679	1	0:00:00.170980
3300	4	4	0.393	1	0:00:00.170539
3305	9	9	0.97	1	0:00:00.171060
3310	6	6	0.319	1	0:00:00.169396
3315	3	3	0.388	1	0:00:00.173245
3320	2	7	0.0	0	0:00:00.170797
3325	6	6	0.174	1	0:00:00.171229
3330	7	7	0.97	1	0:00:00.168624
3335	0	0	0.0	0	0:00:00.171108
3340	6	6	0.74	1	0:00:00.172335
3345	7	7	0.97	1	0:00:00.172064
3350	8	8	0.667	1	0:00:00.172226
3355	5	5	0.0584	1	0:00:00.171668
3360	4	4	0.396	1	0:00:00.172375
3365	9	9	0.566	1	0:00:00.174166
3370	1	1	0.97	1	0:00:00.172477
3375	4	4	0.155	1	0:00:00.171108
3380	8	8	0.97	1	0:00:00.170648
3385	8	8	0.238	1	0:00:00.170770
3390	3	5	0.852	0	0:00:00.171106
3395	9	9	0.97	1	0:00:00.170744
3400	6	4	0.412	0	0:00:00.170636
3405	7	7	0.97	1	0:00:00.168429
3410	4	4	0.97	1	0:00:00.172956
3415	7	7	0.457	1	0:00:00.170784
3420	5	3	0.268	0	0:00:00.170767
3425	0	0	0.0181	1	0:00:00.170865
3430	8	8	0.97	1	0:00:00.170429
3435	6	6	0.97	1	0:00:00.171286
3440	2	3	0.544	0	0:00:00.171076
3445	0	0	0.97	1	0:00:00.171172
3450	9	9	0.0	0	0:00:00.170993
3455	6	6	0.586	1	0:00:00.171348
3460	1	1	0.97	1	0:00:00.172848
3465	6	6	0.873	1	0:00:00.171321
3470	7	7	0.623	1	0:00:00.171405
3475	0	0	0.873	1	0:00:00.169320
3480	2	2	0.97	1	0:00:00.171437
3485	1	1	0.852	1	0:00:00.171101
3490	0	8	0.873	0	0:00:00.170765
3495	2	2	0.557	1	0:00:00.171379
3500	1	1	0.09	1	0:00:00.171172
3505	4	4	0.689	1	0:00:00.171203
3510	4	4	0.115	1	0:00:00.173356
3515	8	8	0.97	1	0:00:00.171501
3520	1	1	0.97	1	0:00:00.171157
3525	2	2	0.259	1	0:00:00.170914
3530	6	6	0.97	1	0:00:00.171505
3535	5	5	0.572	1	0:00:00.168718
3540	6	6	0.706	1	0:00:00.173466
3545	4	4	0.873	1	0:00:00.171469
3550	0	4	0.177	0	0:00:00.171204
3555	6	6	0.236	1	0:00:00.173881
3560	1	1	0.123	1	0:00:00.174693
3565	1	1	0.97	1	0:00:00.172502
3570	3	3	0.506	1	0:00:00.171927
3575	3	3	0.0902	1	0:00:00.172415
3580	4	4	0.107	1	0:00:00.172812
3585	8	8	0.97	1	0:00:00.172681
3590	7	7	0.97	1	0:00:00.170575
3595	2	2	0.0532	1	0:00:00.172728
3600	4	2	0.0794	0	0:00:00.173208
3605	6	4	0.0	0	0:00:00.174546
3610	5	3	0.196	0	0:00:00.172469
3615	6	2	0.545	0	0:00:00.170323
3620	0	0	0.314	1	0:00:00.174615
3625	8	8	0.271	1	0:00:00.172652
3630	8	8	0.97	1	0:00:00.172301
3635	4	4	0.116	1	0:00:00.172634
3640	6	6	0.409	1	0:00:00.172844
3645	1	9	0.179	0	0:00:00.173189
3650	0	0	0.97	1	0:00:00.172677
3655	9	9	0.464	1	0:00:00.172743
3660	0	0	0.97	1	0:00:00.172562
3665	7	7	0.667	1	0:00:00.172699
3670	9	9	0.13	1	0:00:00.172972
3675	4	4	0.97	1	0:00:00.172434
3680	0	0	0.336	1	0:00:00.172633
3685	2	2	0.661	1	0:00:00.172810
3690	9	9	0.97	1	0:00:00.173008
3695	8	8	0.97	1	0:00:00.172636
3700	3	3	0.417	1	0:00:00.172384
3705	8	8	0.68	1	0:00:00.172734
3710	2	2	0.0999	1	0:00:00.172623
3715	1	1	0.557	1	0:00:00.172200
3720	2	2	0.97	1	0:00:00.173301
3725	2	2	0.115	1	0:00:00.172418
3730	1	1	0.852	1	0:00:00.170535
3735	5	3	0.0	0	0:00:00.174955
3740	0	0	0.97	1	0:00:00.173116
3745	1	1	0.97	1	0:00:00.170170
3750	9	9	0.134	1	0:00:00.172380
3755	9	3	0.103	0	0:00:00.172338
3760	7	7	0.97	1	0:00:00.170269
3765	0	8	0.198	0	0:00:00.173568
3770	9	9	0.764	1	0:00:00.172672
3775	6	6	0.97	1	0:00:00.172364
3780	4	4	0.357	1	0:00:00.173031
3785	6	6	0.0561	1	0:00:00.172895
3790	4	4	0.248	1	0:00:00.172870
3795	7	7	0.467	1	0:00:00.172945
3800	9	9	0.615	1	0:00:00.175123
3805	9	9	0.97	1	0:00:00.172685
3810	3	3	0.651	1	0:00:00.172970
3815	2	4	0.113	0	0:00:00.172948
3820	0	0	0.171	1	0:00:00.172764
3825	0	0	0.97	1	0:00:00.172776
3830	5	5	0.469	1	0:00:00.172881
3835	3	5	0.454	0	0:00:00.172915
3840	6	6	0.152	1	0:00:00.172317
3845	0	0	0.539	1	0:00:00.172755
3850	9	9	0.808	1	0:00:00.172855
3855	1	1	0.97	1	0:00:00.172494
3860	7	7	0.97	1	0:00:00.172161
3865	7	7	0.97	1	0:00:00.172683
3870	8	8	0.544	1	0:00:00.172662
3875	2	2	0.97	1	0:00:00.170133
3880	6	6	0.406	1	0:00:00.174908
3885	6	6	0.361	1	0:00:00.172445
3890	7	7	0.376	1	0:00:00.170281
3895	1	1	0.478	1	0:00:00.174663
3900	3	6	0.154	0	0:00:00.172225
3905	2	2	0.8	1	0:00:00.170743
3910	4	6	0.0556	0	0:00:00.175086
3915	4	4	0.146	1	0:00:00.172723
3920	7	7	0.258	1	0:00:00.173018
3925	1	1	0.68	1	0:00:00.173075
3930	1	1	0.97	1	0:00:00.172495
3935	4	4	0.303	1	0:00:00.170589
3940	6	6	0.121	1	0:00:00.172299
3945	5	5	0.0755	1	0:00:00.172214
3950	8	8	0.464	1	0:00:00.172881
3955	0	0	0.97	1	0:00:00.172766
3960	2	2	0.812	1	0:00:00.172386
3965	0	0	0.97	1	0:00:00.172684
3970	9	9	0.308	1	0:00:00.172906
3975	7	7	0.97	1	0:00:00.173094
3980	9	9	0.0421	1	0:00:00.172815
3985	7	7	0.97	1	0:00:00.174975
3990	4	4	0.109	1	0:00:00.172344
3995	7	5	0.126	0	0:00:00.172795
4000	8	0	0.253	0	0:00:00.173115
4005	5	5	0.553	1	0:00:00.172679
4010	7	7	0.765	1	0:00:00.172452
4015	1	1	0.97	1	0:00:00.173264
4020	8	8	0.255	1	0:00:00.172954
4025	1	1	0.97	1	0:00:00.172693
4030	1	1	0.97	1	0:00:00.170425
4035	2	2	0.97	1	0:00:00.175126
4040	0	0	0.97	1	0:00:00.173013
4045	7	7	0.97	1	0:00:00.172449
4050	3	3	0.395	1	0:00:00.171130
4055	1	1	0.0906	1	0:00:00.173215
4060	6	6	0.852	1	0:00:00.172078
4065	4	4	0.166	1	0:00:00.172428
4070	9	9	0.97	1	0:00:00.172812
4075	2	2	0.873	1	0:00:00.172318
4080	1	1	0.97	1	0:00:00.170771
4085	8	8	0.174	1	0:00:00.173238
4090	4	4	0.129	1	0:00:00.172795
4095	8	8	0.0397	1	0:00:00.171898
4100	7	7	0.97	1	0:00:00.172128
4105	7	7	0.97	1	0:00:00.174830
4110	2	2	0.74	1	0:00:00.172948
4115	8	8	0.506	1	0:00:00.172582
4120	4	4	0.97	1	0:00:00.173116
4125	8	8	0.0952	1	0:00:00.173105
4130	6	6	0.812	1	0:00:00.173068
4135	1	2	0.0784	0	0:00:00.172564
4140	5	5	0.494	1	0:00:00.172509
4145	8	8	0.97	1	0:00:00.172460
4150	6	6	0.596	1	0:00:00.172420
4155	3	3	0.667	1	0:00:00.172754
4160	5	5	0.598	1	0:00:00.172536
4165	8	8	0.285	1	0:00:00.172428
4170	1	1	0.351	1	0:00:00.172929
4175	3	5	0.036	0	0:00:00.172884
4180	0	0	0.164	1	0:00:00.172619
4185	7	7	0.97	1	0:00:00.172431
4190	3	2	0.28	0	0:00:00.172966
4195	3	3	0.97	1	0:00:00.173018
4200	4	4	0.473	1	0:00:00.173150
4205	4	4	0.4	1	0:00:00.173079
4210	3	3	0.0824	1	0:00:00.173237
4215	1	1	0.585	1	0:00:00.173094
4220	4	0	0.355	0	0:00:00.170445
4225	5	5	0.576	1	0:00:00.170613
4230	6	6	0.149	1	0:00:00.173287
4235	9	9	0.97	1	0:00:00.174335
4240	7	7	0.156	1	0:00:00.172926
4245	1	1	0.649	1	0:00:00.172899
4250	1	1	0.11	1	0:00:00.172557
4255	9	9	0.5	1	0:00:00.173246
4260	8	8	0.873	1	0:00:00.172723
4265	6	6	0.505	1	0:00:00.173127
4270	0	0	0.797	1	0:00:00.170565
4275	5	3	0.313	0	0:00:00.174893
4280	8	0	0.135	0	0:00:00.170429
4285	1	1	0.149	1	0:00:00.172247
4290	2	2	0.559	1	0:00:00.172580
4295	0	0	0.97	1	0:00:00.172210
4300	8	8	0.636	1	0:00:00.175132
4305	0	0	0.97	1	0:00:00.170145
4310	4	4	0.422	1	0:00:00.175505
4315	6	0	0.0443	0	0:00:00.172153
4320	1	1	0.229	1	0:00:00.170499
4325	6	6	0.667	1	0:00:00.174081
4330	9	9	0.97	1	0:00:00.172073
4335	9	9	0.831	1	0:00:00.171040
4340	0	0	0.97	1	0:00:00.174946
4345	6	6	0.0575	1	0:00:00.173075
4350	4	4	0.97	1	0:00:00.172690
4355	0	3	0.347	0	0:00:00.172610
4360	6	6	0.609	1	0:00:00.171017
4365	9	9	0.97	1	0:00:00.172461
4370	8	8	0.97	1	0:00:00.170906
4375	3	3	0.349	1	0:00:00.174162
4380	9	9	0.725	1	0:00:00.172938
4385	8	8	0.452	1	0:00:00.173144
4390	5	5	0.812	1	0:00:00.172540
4395	7	7	0.97	1	0:00:00.172512
4400	3	3	0.0457	1	0:00:00.173186
4405	6	6	0.97	1	0:00:00.172121
4410	9	9	0.97	1	0:00:00.172436
4415	0	0	0.97	1	0:00:00.174212
4420	5	5	0.283	1	0:00:00.172052
4425	1	1	0.97	1	0:00:00.173036
4430	1	1	0.97	1	0:00:00.172836
4435	3	3	0.159	1	0:00:00.172122
4440	2	2	0.492	1	0:00:00.172403
4445	9	9	0.404	1	0:00:00.173298
4450	0	0	0.308	1	0:00:00.170290
4455	8	8	0.97	1	0:00:00.175211
4460	9	9	0.873	1	0:00:00.173280
4465	6	6	0.239	1	0:00:00.173031
4470	0	0	0.533	1	0:00:00.172615
4475	1	1	0.97	1	0:00:00.172475
4480	9	9	0.97	1	0:00:00.170253
4485	3	7	0.125	0	0:00:00.172719
4490	0	0	0.447	1	0:00:00.172596
4495	3	3	0.544	1	0:00:00.172560
4500	3	3	0.145	1	0:00:00.172286
4505	4	4	0.685	1	0:00:00.172953
4510	0	0	0.97	1	0:00:00.170251
4515	0	0	0.97	1	0:00:00.168613
4520	3	3	0.499	1	0:00:00.171000
4525	0	0	0.409	1	0:00:00.171808
4530	5	3	0.162	0	0:00:00.170721
4535	2	2	0.97	1	0:00:00.170880
4540	9	9	0.97	1	0:00:00.170825
4545	3	3	0.322	1	0:00:00.171096
4550	9	3	0.0483	0	0:00:00.171269
4555	5	3	0.315	0	0:00:00.171732
4560	1	1	0.97	1	0:00:00.173052
4565	2	4	0.444	0	0:00:00.171419
4570	9	9	0.548	1	0:00:00.171926
4575	6	6	0.611	1	0:00:00.170854
4580	6	6	0.2	1	0:00:00.171352
4585	8	8	0.131	1	0:00:00.170998
4590	9	2	0.375	0	0:00:00.171492
4595	9	9	0.424	1	0:00:00.168416
4600	4	4	0.97	1	0:00:00.174273
4605	3	3	0.503	1	0:00:00.171457
4610	6	6	0.119	1	0:00:00.173298
4615	5	4	0.0819	0	0:00:00.172490
4620	7	7	0.603	1	0:00:00.172289
4625	4	4	0.409	1	0:00:00.169688
4630	2	2	0.247	1	0:00:00.170568
4635	7	7	0.189	1	0:00:00.170985
4640	2	2	0.715	1	0:00:00.171864
4645	4	4	0.407	1	0:00:00.171343
4650	6	6	0.317	1	0:00:00.171284
4655	7	5	0.33	0	0:00:00.171404
4660	7	7	0.166	1	0:00:00.169320
4665	3	3	0.201	1	0:00:00.171413
4670	8	8	0.97	1	0:00:00.171402
4675	4	4	0.873	1	0:00:00.170971
4680	9	9	0.97	1	0:00:00.171586
4685	4	4	0.369	1	0:00:00.171455
4690	2	2	0.239	1	0:00:00.171629
4695	8	8	0.84	1	0:00:00.171554
4700	6	5	0.141	0	0:00:00.170991
4705	3	5	0.142	0	0:00:00.172700
4710	3	3	0.232	1	0:00:00.171083
4715	9	9	0.144	1	0:00:00.171747
4720	8	8	0.28	1	0:00:00.171340
4725	9	9	0.873	1	0:00:00.168855
4730	2	2	0.235	1	0:00:00.171414
4735	8	8	0.53	1	0:00:00.169301
4740	5	3	0.176	0	0:00:00.168477
4745	7	7	0.452	1	0:00:00.172962
4750	7	1	0.0245	0	0:00:00.169099
4755	1	1	0.7	1	0:00:00.173213
4760	3	2	0.395	0	0:00:00.171983
4765	3	3	0.091	1	0:00:00.170964
4770	9	9	0.253	1	0:00:00.169201
4775	2	3	0.199	0	0:00:00.173693
4780	0	0	0.852	1	0:00:00.171260
4785	3	3	0.97	1	0:00:00.171641
4790	1	1	0.395	1	0:00:00.170938
4795	5	3	0.234	0	0:00:00.171626
4800	9	9	0.97	1	0:00:00.171678
4805	5	3	0.269	0	0:00:00.171466
4810	5	5	0.97	1	0:00:00.171326
4815	9	9	0.428	1	0:00:00.171292
4820	3	3	0.434	1	0:00:00.171562
4825	7	7	0.0779	1	0:00:00.171131
4830	3	3	0.104	1	0:00:00.172189
4835	9	9	0.97	1	0:00:00.169043
4840	0	0	0.97	1	0:00:00.171348
4845	3	3	0.643	1	0:00:00.172132
4850	1	9	0.0705	0	0:00:00.174361
4855	1	1	0.873	1	0:00:00.170756
4860	5	5	0.764	1	0:00:00.171762
4865	8	8	0.23	1	0:00:00.171501
4870	8	8	0.449	1	0:00:00.171841
4875	1	1	0.97	1	0:00:00.171463
4880	0	0	0.305	1	0:00:00.171969
4885	2	2	0.347	1	0:00:00.169291
4890	1	1	0.97	1	0:00:00.171050
4895	1	1	0.97	1	0:00:00.171375
4900	3	5	0.105	0	0:00:00.173126
4905	7	7	0.97	1	0:00:00.170830
4910	8	8	0.284	1	0:00:00.171052
4915	5	5	0.97	1	0:00:00.168626
4920	7	7	0.97	1	0:00:00.173485
4925	5	5	0.327	1	0:00:00.171602
4930	1	1	0.0792	1	0:00:00.171019
4935	5	5	0.62	1	0:00:00.171760
4940	6	6	0.665	1	0:00:00.171172
4945	9	9	0.521	1	0:00:00.171477
4950	2	2	0.97	1	0:00:00.172972
4955	2	8	0.247	0	0:00:00.172981
4960	4	4	0.396	1	0:00:00.172882
4965	3	4	0.125	0	0:00:00.172430
4970	2	2	0.0834	1	0:00:00.172280
4975	3	3	0.435	1	0:00:00.172390
4980	1	9	0.0824	0	0:00:00.175159
4985	4	4	0.025	1	0:00:00.172658
4990	7	5	0.176	0	0:00:00.170455
4995	2	2	0.173	1	0:00:00.174645
5000	7	7	0.97	1	0:00:00.172622
5005	5	5	0.289	1	0:00:00.173322
5010	7	7	0.97	1	0:00:00.172865
5015	2	2	0.74	1	0:00:00.173264
5020	8	8	0.873	1	0:00:00.172966
5025	5	5	0.461	1	0:00:00.172916
5030	4	4	0.852	1	0:00:00.170471
5035	5	5	0.823	1	0:00:00.174676
5040	3	3	0.633	1	0:00:00.170404
5045	7	7	0.97	1	0:00:00.174669
5050	3	3	0.106	1	0:00:00.172726
5055	0	0	0.97	1	0:00:00.172585
5060	6	2	0.0332	0	0:00:00.170645
5065	0	0	0.84	1	0:00:00.172928
5070	7	7	0.176	1	0:00:00.171984
5075	6	6	0.0936	1	0:00:00.172361
5080	7	7	0.506	1	0:00:00.172455
5085	2	2	0.235	1	0:00:00.172513
5090	1	1	0.442	1	0:00:00.170264
5095	8	8	0.478	1	0:00:00.173235
5100	3	3	0.97	1	0:00:00.172286
5105	7	7	0.653	1	0:00:00.172313
5110	8	8	0.633	1	0:00:00.172751
5115	5	5	0.579	1	0:00:00.173012
5120	9	9	0.445	1	0:00:00.173060
5125	1	1	0.97	1	0:00:00.173147
5130	5	2	0.0869	0	0:00:00.172101
5135	1	1	0.97	1	0:00:00.169930
5140	8	8	0.97	1	0:00:00.173372
5145	4	4	0.602	1	0:00:00.172969
5150	4	4	0.433	1	0:00:00.172632
5155	3	5	0.417	0	0:00:00.172847
5160	0	0	0.558	1	0:00:00.172420
5165	2	2	0.84	1	0:00:00.172449
5170	9	9	0.97	1	0:00:00.172635
5175	6	6	0.97	1	0:00:00.174661
5180	9	7	0.189	0	0:00:00.172427
5185	3	3	0.295	1	0:00:00.170716
5190	0	0	0.62	1	0:00:00.174751
5195	4	7	0.447	0	0:00:00.173422
5200	3	3	0.873	1	0:00:00.169765
5205	8	8	0.275	1	0:00:00.174849
5210	5	5	0.764	1	0:00:00.172454
5215	2	2	0.725	1	0:00:00.173338
5220	0	0	0.774	1	0:00:00.172875
5225	0	0	0.68	1	0:00:00.172647
5230	8	8	0.873	1	0:00:00.172925
5235	1	3	0.128	0	0:00:00.173068
5240	1	1	0.195	1	0:00:00.172574
5245	1	1	0.97	1	0:00:00.172513
5250	7	7	0.74	1	0:00:00.173088
5255	0	0	0.97	1	0:00:00.173078
5260	0	0	0.97	1	0:00:00.170949
5265	2	2	0.873	1	0:00:00.170500
5270	1	1	0.628	1	0:00:00.171182
5275	2	2	0.436	1	0:00:00.171921
5280	0	9	0.0273	0	0:00:00.173907
5285	1	1	0.817	1	0:00:00.173027
5290	3	3	0.133	1	0:00:00.172363
5295	0	0	0.341	1	0:00:00.172725
5300	9	9	0.852	1	0:00:00.173478
5305	7	7	0.257	1	0:00:00.172489
5310	0	0	0.744	1	0:00:00.172344
5315	9	9	0.97	1	0:00:00.172673
5320	7	7	0.97	1	0:00:00.174624
5325	8	8	0.313	1	0:00:00.173343
5330	7	7	0.435	1	0:00:00.172806
5335	9	9	0.185	1	0:00:00.173028
5340	3	3	0.238	1	0:00:00.172842
5345	4	4	0.157	1	0:00:00.170615
5350	9	9	0.97	1	0:00:00.172980
5355	8	8	0.653	1	0:00:00.175168
5360	9	9	0.97	1	0:00:00.172690
5365	8	8	0.386	1	0:00:00.172640
5370	6	6	0.812	1	0:00:00.172876
5375	1	1	0.343	1	0:00:00.172813
5380	1	9	0.376	0	0:00:00.170517
5385	2	2	0.281	1	0:00:00.175030
5390	1	1	0.873	1	0:00:00.172586
5395	0	0	0.873	1	0:00:00.171093
5400	9	9	0.97	1	0:00:00.172857
5405	2	0	0.53	0	0:00:00.172544
5410	3	5	0.288	0	0:00:00.175122
5415	4	4	0.256	1	0:00:00.172867
5420	6	6	0.97	1	0:00:00.172941
5425	6	6	0.401	1	0:00:00.172919
5430	7	7	0.817	1	0:00:00.173226
5435	7	4	0.367	0	0:00:00.173128
5440	9	9	0.97	1	0:00:00.172623
5445	7	7	0.789	1	0:00:00.172982
5450	5	5	0.135	1	0:00:00.170937
5455	9	1	0.436	0	0:00:00.172753
5460	0	0	0.97	1	0:00:00.170048
5465	7	7	0.304	1	0:00:00.173439
5470	1	1	0.97	1	0:00:00.172960
5475	0	0	0.97	1	0:00:00.172795
5480	1	1	0.639	1	0:00:00.174373
5485	8	8	0.97	1	0:00:00.172697
5490	3	3	0.504	1	0:00:00.170233
5495	4	4	0.632	1	0:00:00.174888
5500	8	8	0.629	1	0:00:00.173066
5505	4	4	0.628	1	0:00:00.173079
5510	4	4	0.41	1	0:00:00.172502
5515	4	3	0.0983	0	0:00:00.172396
5520	4	4	0.271	1	0:00:00.172943
5525	3	3	0.394	1	0:00:00.172640
5530	3	3	0.234	1	0:00:00.172693
5535	3	3	0.594	1	0:00:00.173067
5540	5	5	0.0	0	0:00:00.172572
5545	6	6	0.97	1	0:00:00.172683
5550	5	5	0.447	1	0:00:00.172771
5555	4	4	0.0589	1	0:00:00.172559
5560	3	3	0.0355	1	0:00:00.172244
5565	3	3	0.0925	1	0:00:00.170577
5570	5	5	0.852	1	0:00:00.174765
5575	3	5	0.578	0	0:00:00.172881
5580	5	5	0.118	1	0:00:00.173298
5585	0	0	0.97	1	0:00:00.173125
5590	4	4	0.177	1	0:00:00.172817
5595	6	6	0.217	1	0:00:00.170720
5600	6	3	0.0231	0	0:00:00.172583
5605	3	3	0.0649	1	0:00:00.170315
5610	8	8	0.311	1	0:00:00.173138
5615	5	5	0.491	1	0:00:00.169941
5620	3	3	0.159	1	0:00:00.172504
5625	5	5	0.97	1	0:00:00.172541
5630	3	4	0.0309	0	0:00:00.172559
5635	7	7	0.97	1	0:00:00.170367
5640	2	2	0.0	0	0:00:00.173349
5645	5	5	0.667	1	0:00:00.172343
5650	5	5	0.179	1	0:00:00.172153
5655	3	1	0.0	0	0:00:00.172314
5660	9	9	0.273	1	0:00:00.172596
5665	2	0	0.592	0	0:00:00.170265
5670	4	4	0.105	1	0:00:00.172753
5675	7	7	0.787	1	0:00:00.174715
5680	2	2	0.477	1	0:00:00.172493
5685	1	1	0.97	1	0:00:00.172193
5690	7	5	0.227	0	0:00:00.173020
5695	7	7	0.97	1	0:00:00.172687
5700	3	5	0.0647	0	0:00:00.173432
5705	2	2	0.439	1	0:00:00.172986
5710	6	6	0.496	1	0:00:00.173024
5715	6	6	0.97	1	0:00:00.172827
5720	9	9	0.873	1	0:00:00.173273
5725	5	3	0.0644	0	0:00:00.173571
5730	5	9	0.0591	0	0:00:00.173092
5735	0	0	0.831	1	0:00:00.172665
5740	6	6	0.271	1	0:00:00.170300
5745	5	5	0.686	1	0:00:00.175067
5750	6	6	0.25	1	0:00:00.172441
5755	4	4	0.332	1	0:00:00.173146
5760	2	2	0.292	1	0:00:00.170256
5765	9	9	0.97	1	0:00:00.174702
5770	8	8	0.97	1	0:00:00.172999
5775	7	7	0.377	1	0:00:00.170593
5780	7	7	0.97	1	0:00:00.173386
5785	2	2	0.97	1	0:00:00.172631
5790	9	9	0.97	1	0:00:00.173052
5795	7	4	0.113	0	0:00:00.173158
5800	2	2	0.808	1	0:00:00.172519
5805	1	1	0.587	1	0:00:00.170878
5810	5	5	0.97	1	0:00:00.168733
5815	3	3	0.692	1	0:00:00.174201
5820	5	5	0.401	1	0:00:00.171524
5825	3	6	0.0962	0	0:00:00.170862
5830	5	6	0.19	0	0:00:00.171483
5835	3	5	0.319	0	0:00:00.171971
5840	2	3	0.0	0	0:00:00.171265
5845	5	5	0.97	1	0:00:00.171300
5850	6	4	0.09	0	0:00:00.171142
5855	7	2	0.318	0	0:00:00.171717
5860	0	0	0.667	1	0:00:00.170704
5865	6	6	0.472	1	0:00:00.170882
5870	7	4	0.197	0	0:00:00.170828
5875	1	1	0.97	1	0:00:00.171145
5880	0	0	0.97	1	0:00:00.171051
5885	4	4	0.673	1	0:00:00.171682
5890	3	3	0.439	1	0:00:00.169266
5895	6	6	0.97	1	0:00:00.170934
5900	4	3	0.104	0	0:00:00.171172
5905	1	1	0.97	1	0:00:00.168871
5910	2	5	0.247	0	0:00:00.173235
5915	5	3	0.157	0	0:00:00.171649
5920	8	8	0.97	1	0:00:00.168965
5925	3	3	0.145	1	0:00:00.169475
5930	5	5	0.519	1	0:00:00.171270
5935	6	6	0.97	1	0:00:00.171607
5940	7	7	0.332	1	0:00:00.172014
5945	9	9	0.852	1	0:00:00.172239
5950	9	9	0.97	1	0:00:00.172499
5955	5	4	0.0346	0	0:00:00.171869
5960	2	6	0.22	0	0:00:00.174456
5965	7	7	0.544	1	0:00:00.171143
5970	1	1	0.97	1	0:00:00.171219
5975	9	9	0.97	1	0:00:00.171316
5980	9	9	0.97	1	0:00:00.171360
5985	4	4	0.486	1	0:00:00.168836
5990	8	8	0.533	1	0:00:00.171878
5995	0	0	0.97	1	0:00:00.171934
6000	8	8	0.483	1	0:00:00.171881
6005	4	4	0.817	1	0:00:00.171801
6010	1	1	0.0632	1	0:00:00.172827
6015	0	0	0.724	1	0:00:00.172270
6020	6	6	0.97	1	0:00:00.171873
6025	6	6	0.262	1	0:00:00.172573
6030	8	8	0.561	1	0:00:00.172328
6035	5	3	0.058	0	0:00:00.172058
6040	2	7	0.245	0	0:00:00.174201
6045	8	8	0.97	1	0:00:00.171643
6050	2	2	0.443	1	0:00:00.168506
6055	0	0	0.194	1	0:00:00.171898
6060	3	3	0.0852	1	0:00:00.170881
6065	5	5	0.238	1	0:00:00.172686
6070	8	8	0.186	1	0:00:00.174592
6075	3	3	0.251	1	0:00:00.170983
6080	1	1	0.645	1	0:00:00.168758
6085	2	2	0.333	1	0:00:00.173227
6090	1	1	0.97	1	0:00:00.171928
6095	9	9	0.342	1	0:00:00.171355
6100	1	1	0.97	1	0:00:00.169743
6105	0	0	0.97	1	0:00:00.171436
6110	9	9	0.97	1	0:00:00.171397
6115	8	8	0.873	1	0:00:00.172068
6120	5	5	0.84	1	0:00:00.172161
6125	8	8	0.328	1	0:00:00.172262
6130	1	1	0.34	1	0:00:00.172371
6135	3	2	0.292	0	0:00:00.171662
6140	9	9	0.97	1	0:00:00.172324
6145	2	3	0.489	0	0:00:00.174416
6150	1	1	0.97	1	0:00:00.171412
6155	8	8	0.97	1	0:00:00.170907
6160	2	2	0.97	1	0:00:00.171321
6165	5	5	0.048	1	0:00:00.171580
6170	2	2	0.0	0	0:00:00.171867
6175	3	3	0.208	1	0:00:00.170909
6180	0	0	0.42	1	0:00:00.168860
6185	5	3	0.782	0	0:00:00.173522
6190	4	4	0.349	1	0:00:00.171392
6195	1	1	0.291	1	0:00:00.170671
6200	3	3	0.381	1	0:00:00.171669
6205	1	1	0.97	1	0:00:00.171557
6210	4	4	0.0774	1	0:00:00.168684
6215	2	2	0.651	1	0:00:00.171222
6220	2	2	0.328	1	0:00:00.171178
6225	3	3	0.516	1	0:00:00.172820
6230	2	2	0.97	1	0:00:00.172008
6235	6	6	0.5	1	0:00:00.172818
6240	2	2	0.852	1	0:00:00.171455
6245	6	6	0.873	1	0:00:00.172255
6250	4	7	0.0973	0	0:00:00.174487
6255	6	6	0.645	1	0:00:00.171298
6260	2	8	0.0286	0	0:00:00.171389
6265	4	4	0.97	1	0:00:00.168636
6270	2	2	0.381	1	0:00:00.171111
6275	9	9	0.239	1	0:00:00.172358
6280	8	5	0.0618	0	0:00:00.172760
6285	8	8	0.162	1	0:00:00.172159
6290	9	1	0.0478	0	0:00:00.173845
6295	8	8	0.624	1	0:00:00.171376
6300	1	1	0.787	1	0:00:00.171264
6305	6	6	0.312	1	0:00:00.171784
6310	5	5	0.97	1	0:00:00.171321
6315	6	5	0.137	0	0:00:00.172326
6320	0	0	0.685	1	0:00:00.171589
6325	7	7	0.97	1	0:00:00.169159
6330	6	6	0.74	1	0:00:00.172877
6335	2	2	0.764	1	0:00:00.171949
6340	3	3	0.236	1	0:00:00.168808
6345	3	3	0.0	0	0:00:00.170827
6350	0	0	0.97	1	0:00:00.171997
6355	0	0	0.97	1	0:00:00.172488
6360	2	2	0.306	1	0:00:00.171328
6365	7	7	0.461	1	0:00:00.171104
6370	6	6	0.306	1	0:00:00.171000
6375	3	3	0.0968	1	0:00:00.171253
6380	3	3	0.316	1	0:00:00.171792
6385	5	5	0.192	1	0:00:00.171341
6390	7	7	0.97	1	0:00:00.168939
6395	8	8	0.6	1	0:00:00.171245
6400	0	0	0.433	1	0:00:00.171558
6405	1	1	0.594	1	0:00:00.172335
6410	1	1	0.97	1	0:00:00.171110
6415	1	1	0.748	1	0:00:00.171014
6420	7	7	0.97	1	0:00:00.169079
6425	2	2	0.817	1	0:00:00.171822
6430	1	0	0.0	0	0:00:00.171383
6435	9	9	0.97	1	0:00:00.174498
6440	3	3	0.0195	1	0:00:00.170706
6445	1	1	0.764	1	0:00:00.172086
6450	0	0	0.97	1	0:00:00.170542
6455	6	6	0.413	1	0:00:00.171793
6460	3	3	0.432	1	0:00:00.171209
6465	3	3	0.97	1	0:00:00.170748
6470	1	1	0.299	1	0:00:00.169169
6475	2	2	0.97	1	0:00:00.173514
6480	0	0	0.595	1	0:00:00.171662
6485	9	9	0.97	1	0:00:00.171365
6490	8	1	0.11	0	0:00:00.168836
6495	7	7	0.873	1	0:00:00.171333
6500	7	6	0.0	0	0:00:00.172440
6505	4	4	0.167	1	0:00:00.174440
6510	4	6	0.146	0	0:00:00.171652
6515	2	2	0.234	1	0:00:00.172868
6520	6	6	0.167	1	0:00:00.168612
6525	3	3	0.591	1	0:00:00.171615
6530	3	3	0.171	1	0:00:00.171567
6535	5	5	0.378	1	0:00:00.169478
6540	8	8	0.852	1	0:00:00.173008
6545	9	0	0.405	0	0:00:00.174004
6550	1	1	0.97	1	0:00:00.171427
6555	1	1	0.97	1	0:00:00.171089
6560	6	6	0.441	1	0:00:00.171819
6565	9	9	0.562	1	0:00:00.171441
6570	9	9	0.337	1	0:00:00.171652
6575	3	3	0.501	1	0:00:00.169063
6580	1	1	0.256	1	0:00:00.173365
6585	1	1	0.746	1	0:00:00.171042
6590	5	5	0.521	1	0:00:00.171195
6595	2	2	0.303	1	0:00:00.171568
6600	7	7	0.97	1	0:00:00.171482
6605	6	6	0.639	1	0:00:00.171194
6610	8	8	0.817	1	0:00:00.169543
6615	7	7	0.84	1	0:00:00.168398
6620	7	7	0.97	1	0:00:00.173584
6625	4	4	0.118	1	0:00:00.171540
6630	7	7	0.852	1	0:00:00.173150
6635	6	6	0.347	1	0:00:00.172014
6640	5	3	0.97	0	0:00:00.170684
6645	6	6	0.0	0	0:00:00.169359
6650	0	0	0.97	1	0:00:00.173522
6655	1	1	0.14	1	0:00:00.170778
6660	0	0	0.873	1	0:00:00.171095
6665	4	5	0.0141	0	0:00:00.171339
6670	3	3	0.111	1	0:00:00.170946
6675	2	2	0.97	1	0:00:00.171088
6680	3	3	0.102	1	0:00:00.169318
6685	1	1	0.47	1	0:00:00.173764
6690	5	5	0.435	1	0:00:00.171292
6695	4	4	0.495	1	0:00:00.171693
6700	6	6	0.852	1	0:00:00.171211
6705	3	2	0.0314	0	0:00:00.171258
6710	3	3	0.852	1	0:00:00.171415
6715	2	2	0.271	1	0:00:00.171357
6720	2	2	0.249	1	0:00:00.171052
6725	8	8	0.97	1	0:00:00.172705
6730	8	8	0.794	1	0:00:00.171215
6735	9	9	0.482	1	0:00:00.171088
6740	2	4	0.0186	0	0:00:00.171720
6745	7	7	0.593	1	0:00:00.171948
6750	4	3	0.553	0	0:00:00.171114
6755	9	9	0.97	1	0:00:00.172259
6760	5	5	0.852	1	0:00:00.169158
6765	8	9	0.0885	0	0:00:00.173140
6770	1	1	0.97	1	0:00:00.168913
6775	0	0	0.633	1	0:00:00.173686
6780	7	7	0.97	1	0:00:00.172012
6785	6	6	0.357	1	0:00:00.171332
6790	7	7	0.185	1	0:00:00.168696
6795	9	9	0.16	1	0:00:00.173642
6800	6	6	0.233	1	0:00:00.171216
6805	1	1	0.97	1	0:00:00.171097
6810	8	8	0.852	1	0:00:00.170166
6815	0	0	0.97	1	0:00:00.171419
6820	1	1	0.97	1	0:00:00.171052
6825	3	3	0.97	1	0:00:00.169127
6830	1	1	0.779	1	0:00:00.173860
6835	5	3	0.0929	0	0:00:00.171211
6840	9	9	0.97	1	0:00:00.171978
6845	2	4	0.225	0	0:00:00.171707
6850	6	6	0.569	1	0:00:00.171575
6855	4	4	0.218	1	0:00:00.171282
6860	0	0	0.764	1	0:00:00.170058
6865	3	4	0.0159	0	0:00:00.169158
6870	7	7	0.606	1	0:00:00.173964
6875	5	5	0.97	1	0:00:00.174024
6880	2	2	0.873	1	0:00:00.169030
6885	0	0	0.97	1	0:00:00.171391
6890	5	5	0.321	1	0:00:00.171829
6895	2	2	0.97	1	0:00:00.171050
6900	3	3	0.781	1	0:00:00.171388
6905	2	2	0.275	1	0:00:00.171090
6910	7	7	0.624	1	0:00:00.173299
6915	1	1	0.636	1	0:00:00.169195
6920	5	5	0.0	0	0:00:00.172549
6925	2	2	0.97	1	0:00:00.171619
6930	2	2	0.719	1	0:00:00.171479
6935	7	7	0.325	1	0:00:00.169194
6940	1	1	0.97	1	0:00:00.171182
6945	5	5	0.219	1	0:00:00.169890
6950	8	0	0.0971	0	0:00:00.170987
6955	7	7	0.873	1	0:00:00.171347
6960	9	9	0.68	1	0:00:00.171755
6965	6	3	0.241	0	0:00:00.171520
6970	0	5	0.0	0	0:00:00.169591
6975	8	1	0.138	0	0:00:00.171173
6980	0	0	0.279	1	0:00:00.172027
6985	0	8	0.162	0	0:00:00.171775
6990	3	3	0.97	1	0:00:00.172123
6995	1	1	0.97	1	0:00:00.172567
7000	2	0	0.276	0	0:00:00.172314
7005	1	1	0.0941	1	0:00:00.171834
7010	0	0	0.686	1	0:00:00.171819
7015	3	3	0.401	1	0:00:00.172352
7020	7	7	0.97	1	0:00:00.171520
7025	6	6	0.97	1	0:00:00.172766
7030	8	8	0.519	1	0:00:00.172852
7035	1	9	0.238	0	0:00:00.172191
7040	7	0	0.0963	0	0:00:00.172369
7045	3	3	0.22	1	0:00:00.172064
7050	8	8	0.365	1	0:00:00.171675
7055	8	8	0.262	1	0:00:00.174041
7060	8	8	0.97	1	0:00:00.171245
7065	2	2	0.0819	1	0:00:00.173817
7070	7	7	0.852	1	0:00:00.171335
7075	9	9	0.97	1	0:00:00.170943
7080	5	4	0.347	0	0:00:00.168493
7085	5	5	0.172	1	0:00:00.173298
7090	2	3	0.0	0	0:00:00.171062
7095	4	2	0.0	0	0:00:00.171808
7100	9	3	0.765	0	0:00:00.171631
7105	3	3	0.662	1	0:00:00.171338
7110	3	5	0.402	0	0:00:00.171752
7115	0	0	0.97	1	0:00:00.168411
7120	7	7	0.873	1	0:00:00.171158
7125	5	5	0.605	1	0:00:00.172070
7130	6	6	0.84	1	0:00:00.171350
7135	4	4	0.423	1	0:00:00.171554
7140	4	4	0.146	1	0:00:00.168809
7145	3	3	0.628	1	0:00:00.170985
7150	3	3	0.0839	1	0:00:00.172666
7155	9	9	0.97	1	0:00:00.172156
7160	5	5	0.43	1	0:00:00.172314
7165	0	0	0.535	1	0:00:00.171679
7170	9	9	0.97	1	0:00:00.171752
7175	7	7	0.348	1	0:00:00.172242
7180	6	6	0.374	1	0:00:00.172716
7185	8	8	0.533	1	0:00:00.172535
7190	2	2	0.548	1	0:00:00.172297
7195	7	7	0.0875	1	0:00:00.172117
7200	4	4	0.146	1	0:00:00.174142
7205	6	6	0.106	1	0:00:00.168814
7210	3	6	0.14	0	0:00:00.173795
7215	1	1	0.97	1	0:00:00.171260
7220	9	9	0.804	1	0:00:00.171678
7225	1	1	0.97	1	0:00:00.168655
7230	2	2	0.618	1	0:00:00.170291
7235	2	2	0.129	1	0:00:00.171542
7240	0	0	0.559	1	0:00:00.172560
7245	4	4	0.419	1	0:00:00.171882
7250	8	8	0.725	1	0:00:00.172506
7255	3	3	0.317	1	0:00:00.171930
7260	1	1	0.97	1	0:00:00.172609
7265	5	5	0.443	1	0:00:00.172212
7270	9	9	0.552	1	0:00:00.172529
7275	3	5	0.00456	0	0:00:00.171986
7280	1	1	0.238	1	0:00:00.172132
7285	1	1	0.411	1	0:00:00.171896
7290	6	6	0.365	1	0:00:00.172157
7295	5	5	0.97	1	0:00:00.172335
7300	3	5	0.289	0	0:00:00.172649
7305	6	6	0.265	1	0:00:00.172522
7310	3	5	0.146	0	0:00:00.171540
7315	0	0	0.568	1	0:00:00.171884
7320	8	8	0.472	1	0:00:00.172589
7325	4	4	0.97	1	0:00:00.172762
7330	5	5	0.0163	1	0:00:00.172108
7335	4	4	0.97	1	0:00:00.172557
7340	2	2	0.245	1	0:00:00.172482
7345	6	6	0.852	1	0:00:00.172119
7350	9	1	0.106	0	0:00:00.172121
7355	7	7	0.97	1	0:00:00.172602
7360	2	2	0.505	1	0:00:00.172638
7365	4	4	0.341	1	0:00:00.172153
7370	3	8	0.0	0	0:00:00.172024
7375	2	2	0.357	1	0:00:00.172808
7380	7	7	0.804	1	0:00:00.172052
7385	9	9	0.97	1	0:00:00.171749
7390	6	6	0.287	1	0:00:00.172595
7395	2	5	0.0	0	0:00:00.171582
7400	3	5	0.0685	0	0:00:00.172605
7405	7	7	0.97	1	0:00:00.172621
7410	4	3	0.0	0	0:00:00.172096
7415	3	3	0.152	1	0:00:00.172729
7420	3	4	0.155	0	0:00:00.171911
7425	2	2	0.394	1	0:00:00.172587
7430	2	2	0.191	1	0:00:00.172489
7435	7	7	0.316	1	0:00:00.171632
7440	3	3	0.491	1	0:00:00.172570
7445	6	6	0.406	1	0:00:00.172652
7450	1	1	0.97	1	0:00:00.172229
7455	1	9	0.364	0	0:00:00.171748
7460	5	5	0.97	1	0:00:00.172255
7465	0	0	0.173	1	0:00:00.172922
7470	9	9	0.545	1	0:00:00.172424
7475	3	3	0.84	1	0:00:00.171688
7480	1	1	0.33	1	0:00:00.172498
7485	8	8	0.97	1	0:00:00.172331
7490	4	4	0.789	1	0:00:00.172935
7495	7	7	0.97	1	0:00:00.171768
7500	6	6	0.97	1	0:00:00.172922
7505	7	7	0.715	1	0:00:00.171894
7510	8	8	0.97	1	0:00:00.172176
7515	8	8	0.131	1	0:00:00.173013
7520	4	4	0.43	1	0:00:00.171838
7525	8	8	0.97	1	0:00:00.172647
7530	2	2	0.0916	1	0:00:00.172091
7535	1	1	0.97	1	0:00:00.172350
7540	5	5	0.97	1	0:00:00.172200
7545	5	5	0.00185	1	0:00:00.172553
7550	4	4	0.873	1	0:00:00.172415
7555	1	1	0.97	1	0:00:00.172459
7560	0	0	0.41	1	0:00:00.172214
7565	1	1	0.97	1	0:00:00.171940
7570	1	1	0.97	1	0:00:00.172853
7575	8	8	0.97	1	0:00:00.171387
7580	8	8	0.642	1	0:00:00.172627
7585	6	6	0.97	1	0:00:00.172429
7590	2	4	0.373	0	0:00:00.172059
7595	1	1	0.328	1	0:00:00.171906
7600	8	9	0.259	0	0:00:00.172436
7605	2	2	0.0705	1	0:00:00.172501
7610	7	7	0.242	1	0:00:00.171699
7615	5	5	0.159	1	0:00:00.172284
7620	5	3	0.0642	0	0:00:00.172198
7625	7	7	0.346	1	0:00:00.171659
7630	9	9	0.873	1	0:00:00.172438
7635	9	9	0.808	1	0:00:00.170997
7640	9	9	0.502	1	0:00:00.172174
7645	0	0	0.443	1	0:00:00.172517
7650	2	2	0.689	1	0:00:00.171955
7655	8	8	0.673	1	0:00:00.172008
7660	7	7	0.358	1	0:00:00.172730
7665	9	9	0.613	1	0:00:00.171772
7670	2	2	0.245	1	0:00:00.172717
7675	8	8	0.163	1	0:00:00.171836
7680	3	5	0.596	0	0:00:00.172042
7685	9	9	0.207	1	0:00:00.172614
7690	6	6	0.74	1	0:00:00.172547
7695	8	8	0.689	1	0:00:00.172675
7700	6	6	0.97	1	0:00:00.171955
7705	7	4	0.0531	0	0:00:00.172341
7710	9	9	0.97	1	0:00:00.175716
7715	1	1	0.97	1	0:00:00.176207
7720	5	5	0.464	1	0:00:00.175101
7725	4	4	0.575	1	0:00:00.174550
7730	4	3	0.0438	0	0:00:00.174833
7735	4	3	0.0266	0	0:00:00.175871
7740	4	4	0.241	1	0:00:00.174875
7745	7	7	0.97	1	0:00:00.174392
7750	3	4	0.317	0	0:00:00.174968
7755	7	7	0.97	1	0:00:00.175341
7760	2	8	0.0	0	0:00:00.174062
7765	8	8	0.97	1	0:00:00.174682
7770	9	9	0.97	1	0:00:00.174918
7775	2	2	0.19	1	0:00:00.176262
7780	3	8	0.00908	0	0:00:00.174526
7785	4	2	0.121	0	0:00:00.175909
7790	8	8	0.326	1	0:00:00.175012
7795	5	5	0.0946	1	0:00:00.174000
7800	0	0	0.598	1	0:00:00.174340
7805	9	9	0.229	1	0:00:00.174841
7810	6	6	0.873	1	0:00:00.174513
7815	0	0	0.129	1	0:00:00.174286
7820	5	3	0.107	0	0:00:00.174839
7825	3	3	0.97	1	0:00:00.174317
7830	2	2	0.12	1	0:00:00.174584
7835	0	0	0.97	1	0:00:00.171516
7840	1	1	0.97	1	0:00:00.170023
7845	2	2	0.97	1	0:00:00.171389
7850	0	0	0.569	1	0:00:00.171792
7855	2	2	0.852	1	0:00:00.171849
7860	8	8	0.792	1	0:00:00.171082
7865	3	3	0.11	1	0:00:00.169007
7870	6	6	0.509	1	0:00:00.171549
7875	2	2	0.308	1	0:00:00.171341
7880	0	0	0.787	1	0:00:00.169677
7885	3	3	0.286	1	0:00:00.169570
7890	6	6	0.609	1	0:00:00.170891
7895	4	4	0.0	0	0:00:00.173217
7900	0	0	0.514	1	0:00:00.173172
7905	3	3	0.593	1	0:00:00.173063
7910	3	3	0.163	1	0:00:00.173319
7915	3	3	0.685	1	0:00:00.173198
7920	9	9	0.97	1	0:00:00.173291
7925	0	0	0.97	1	0:00:00.172639
7930	2	2	0.97	1	0:00:00.170289
7935	7	7	0.392	1	0:00:00.171731
7940	2	2	0.186	1	0:00:00.169399
7945	6	6	0.259	1	0:00:00.171624
7950	9	9	0.97	1	0:00:00.171956
7955	9	9	0.579	1	0:00:00.171677
7960	0	0	0.509	1	0:00:00.171345
7965	7	7	0.97	1	0:00:00.171743
7970	3	3	0.42	1	0:00:00.171348
7975	2	2	0.279	1	0:00:00.171464
7980	3	3	0.666	1	0:00:00.169103
7985	5	2	0.0168	0	0:00:00.171429
7990	0	0	0.193	1	0:00:00.171650
7995	8	8	0.97	1	0:00:00.172009
8000	9	9	0.97	1	0:00:00.171580
8005	1	1	0.97	1	0:00:00.171777
8010	2	5	0.165	0	0:00:00.171264
8015	8	8	0.253	1	0:00:00.172079
8020	6	3	0.313	0	0:00:00.171324
8025	5	5	0.583	1	0:00:00.169287
8030	2	2	0.97	1	0:00:00.171286
8035	1	1	0.591	1	0:00:00.171730
8040	2	2	0.97	1	0:00:00.171901
8045	5	5	0.492	1	0:00:00.170971
8050	7	7	0.789	1	0:00:00.171278
8055	2	2	0.0452	1	0:00:00.171069
8060	6	6	0.715	1	0:00:00.169163
8065	9	9	0.566	1	0:00:00.171655
8070	5	5	0.873	1	0:00:00.171743
8075	8	8	0.97	1	0:00:00.169026
8080	4	4	0.41	1	0:00:00.171465
8085	2	2	0.367	1	0:00:00.171430
8090	6	6	0.0725	1	0:00:00.171307
8095	2	2	0.97	1	0:00:00.169516
8100	6	2	0.276	0	0:00:00.172381
8105	0	0	0.308	1	0:00:00.171995
8110	5	6	0.555	0	0:00:00.171677
8115	5	3	0.305	0	0:00:00.171868
8120	8	8	0.418	1	0:00:00.171501
8125	8	8	0.495	1	0:00:00.169081
8130	6	6	0.261	1	0:00:00.172015
8135	7	3	0.0213	0	0:00:00.171942
8140	5	5	0.0245	1	0:00:00.171748
8145	9	9	0.347	1	0:00:00.171472
8150	6	6	0.97	1	0:00:00.171459
8155	1	1	0.97	1	0:00:00.171788
8160	6	6	0.97	1	0:00:00.171590
8165	1	1	0.583	1	0:00:00.169193
8170	5	5	0.852	1	0:00:00.171478
8175	3	3	0.02	1	0:00:00.171353
8180	4	4	0.371	1	0:00:00.171851
8185	0	0	0.873	1	0:00:00.171904
8190	4	6	0.425	0	0:00:00.171876
8195	8	8	0.97	1	0:00:00.171518
8200	3	6	0.00411	0	0:00:00.170992
8205	2	2	0.817	1	0:00:00.168831
8210	0	0	0.97	1	0:00:00.171946
8215	1	1	0.97	1	0:00:00.171193
8220	6	6	0.0295	1	0:00:00.169051
8225	9	9	0.673	1	0:00:00.171250
8230	0	0	0.688	1	0:00:00.171610
8235	7	7	0.97	1	0:00:00.171783
8240	7	7	0.97	1	0:00:00.171546
8245	3	5	0.126	0	0:00:00.171515
8250	6	6	0.715	1	0:00:00.171609
8255	9	9	0.97	1	0:00:00.171161
8260	1	1	0.97	1	0:00:00.171112
8265	0	0	0.873	1	0:00:00.172579
8270	6	6	0.97	1	0:00:00.169337
8275	3	3	0.11	1	0:00:00.171696
8280	4	4	0.764	1	0:00:00.171185
8285	9	9	0.51	1	0:00:00.171234
8290	8	8	0.251	1	0:00:00.171408
8295	3	5	0.224	0	0:00:00.171618
8300	5	5	0.204	1	0:00:00.171637
8305	4	4	0.258	1	0:00:00.171709
8310	3	3	0.633	1	0:00:00.169162
8315	6	6	0.117	1	0:00:00.171587
8320	7	7	0.563	1	0:00:00.171365
8325	8	0	0.255	0	0:00:00.171592
8330	5	5	0.97	1	0:00:00.171653
8335	7	7	0.0984	1	0:00:00.171100
8340	5	5	0.74	1	0:00:00.171658
8345	9	9	0.693	1	0:00:00.171921
8350	9	9	0.327	1	0:00:00.169331
8355	9	9	0.97	1	0:00:00.171273
8360	7	7	0.97	1	0:00:00.171038
8365	6	6	0.97	1	0:00:00.169410
8370	4	4	0.236	1	0:00:00.171435
8375	4	3	0.0834	0	0:00:00.171839
8380	9	9	0.97	1	0:00:00.171064
8385	9	9	0.0869	1	0:00:00.171819
8390	1	1	0.97	1	0:00:00.171643
8395	1	1	0.566	1	0:00:00.168913
8400	0	0	0.251	1	0:00:00.169802
8405	0	3	0.0014	0	0:00:00.171556
8410	5	5	0.0337	1	0:00:00.171516
8415	0	0	0.61	1	0:00:00.173480
8420	3	6	0.331	0	0:00:00.171617
8425	6	2	0.143	0	0:00:00.171962
8430	9	9	0.97	1	0:00:00.171562
8435	3	3	0.461	1	0:00:00.171466
8440	5	5	0.183	1	0:00:00.171427
8445	1	1	0.97	1	0:00:00.171351
8450	9	8	0.0	0	0:00:00.169120
8455	1	1	0.97	1	0:00:00.169491
8460	8	8	0.97	1	0:00:00.171748
8465	9	9	0.873	1	0:00:00.171209
8470	8	8	0.616	1	0:00:00.171547
8475	9	9	0.22	1	0:00:00.171243
8480	2	2	0.193	1	0:00:00.171368
8485	0	0	0.762	1	0:00:00.171288
8490	3	3	0.000952	1	0:00:00.171828
8495	1	1	0.97	1	0:00:00.168859
8500	4	4	0.74	1	0:00:00.171881
8505	5	5	0.823	1	0:00:00.169000
8510	7	7	0.97	1	0:00:00.172018
8515	8	8	0.97	1	0:00:00.171199
8520	8	8	0.269	1	0:00:00.171818
8525	3	3	0.28	1	0:00:00.171843
8530	8	8	0.715	1	0:00:00.171757
8535	7	7	0.114	1	0:00:00.171746
8540	4	4	0.172	1	0:00:00.171277
8545	6	6	0.344	1	0:00:00.171249
8550	1	1	0.97	1	0:00:00.171822
8555	5	5	0.55	1	0:00:00.172175
8560	7	7	0.97	1	0:00:00.173660
8565	7	7	0.684	1	0:00:00.171902
8570	6	6	0.417	1	0:00:00.170730
8575	9	9	0.599	1	0:00:00.171949
8580	3	5	0.145	0	0:00:00.171514
8585	9	9	0.53	1	0:00:00.171279
8590	0	0	0.26	1	0:00:00.172286
8595	1	1	0.97	1	0:00:00.171733
8600	3	2	0.206	0	0:00:00.169241
8605	6	6	0.58	1	0:00:00.171256
8610	2	2	0.693	1	0:00:00.171473
8615	9	9	0.831	1	0:00:00.172146
8620	3	3	0.213	1	0:00:00.172436
8625	5	5	0.199	1	0:00:00.171841
8630	5	5	0.774	1	0:00:00.169178
8635	6	6	0.213	1	0:00:00.171043
8640	1	1	0.567	1	0:00:00.169466
8645	1	1	0.97	1	0:00:00.171527
8650	2	2	0.542	1	0:00:00.169701
8655	8	8	0.97	1	0:00:00.164274
8660	7	7	0.97	1	0:00:00.171502
8665	3	3	0.398	1	0:00:00.171714
8670	9	9	0.0	0	0:00:00.172132
8675	7	7	0.97	1	0:00:00.171415
8680	3	3	0.176	1	0:00:00.172024
8685	7	7	0.555	1	0:00:00.171382
8690	8	8	0.215	1	0:00:00.172298
8695	4	4	0.388	1	0:00:00.168127
8700	3	3	0.159	1	0:00:00.168391
8705	6	6	0.153	1	0:00:00.173012
8710	7	7	0.491	1	0:00:00.172355
8715	2	5	0.0335	0	0:00:00.174665
8720	2	0	0.197	0	0:00:00.172514
8725	8	8	0.97	1	0:00:00.172116
8730	2	2	0.135	1	0:00:00.170540
8735	3	3	0.157	1	0:00:00.172170
8740	2	2	0.155	1	0:00:00.172079
8745	5	5	0.817	1	0:00:00.170461
8750	9	9	0.97	1	0:00:00.171437
8755	6	6	0.97	1	0:00:00.171556
8760	8	8	0.97	1	0:00:00.171816
8765	2	2	0.133	1	0:00:00.171302
8770	6	6	0.271	1	0:00:00.171386
8775	1	1	0.23	1	0:00:00.171561
8780	4	4	0.246	1	0:00:00.170858
8785	8	8	0.84	1	0:00:00.168855
8790	0	0	0.336	1	0:00:00.169603
8795	0	0	0.97	1	0:00:00.168909
8800	0	0	0.702	1	0:00:00.170973
8805	9	9	0.97	1	0:00:00.172073
8810	2	3	0.0947	0	0:00:00.171996
8815	3	3	0.255	1	0:00:00.171844
8820	2	2	0.97	1	0:00:00.172154
8825	0	8	0.0603	0	0:00:00.172804
8830	9	9	0.97	1	0:00:00.172084
8835	7	7	0.772	1	0:00:00.172450
8840	2	2	0.358	1	0:00:00.172659
8845	2	2	0.97	1	0:00:00.172110
8850	1	1	0.336	1	0:00:00.172325
8855	4	5	0.0	0	0:00:00.172385
8860	2	2	0.97	1	0:00:00.172333
8865	7	7	0.432	1	0:00:00.172150
8870	5	5	0.679	1	0:00:00.172235
8875	8	8	0.97	1	0:00:00.171269
8880	1	1	0.699	1	0:00:00.172225
8885	3	3	0.127	1	0:00:00.172030
8890	8	8	0.97	1	0:00:00.171762
8895	0	0	0.97	1	0:00:00.172619
8900	2	2	0.344	1	0:00:00.172286
8905	8	8	0.873	1	0:00:00.172339
8910	1	1	0.516	1	0:00:00.171794
8915	9	9	0.97	1	0:00:00.171374
8920	6	6	0.547	1	0:00:00.172654
8925	0	0	0.777	1	0:00:00.172025
8930	3	3	0.197	1	0:00:00.171923
8935	0	0	0.84	1	0:00:00.171543
8940	6	3	0.84	0	0:00:00.172503
8945	1	1	0.789	1	0:00:00.173079
8950	9	9	0.97	1	0:00:00.172025
8955	1	1	0.252	1	0:00:00.172428
8960	0	2	0.164	0	0:00:00.171561
8965	4	4	0.226	1	0:00:00.172699
8970	0	0	0.97	1	0:00:00.172109
8975	8	8	0.97	1	0:00:00.171658
8980	9	9	0.97	1	0:00:00.171991
8985	9	0	0.187	0	0:00:00.172037
8990	1	1	0.97	1	0:00:00.172423
8995	9	9	0.97	1	0:00:00.172529
9000	8	8	0.97	1	0:00:00.172213
9005	5	5	0.97	1	0:00:00.171946
9010	8	8	0.178	1	0:00:00.172555
9015	8	8	0.57	1	0:00:00.171634
9020	7	7	0.97	1	0:00:00.171908
9025	5	5	0.97	1	0:00:00.172235
9030	2	2	0.317	1	0:00:00.172426
9035	4	7	0.126	0	0:00:00.172090
9040	2	5	0.404	0	0:00:00.172114
9045	0	0	0.97	1	0:00:00.172006
9050	5	3	0.449	0	0:00:00.172231
9055	6	6	0.97	1	0:00:00.172255
9060	9	9	0.772	1	0:00:00.172146
9065	0	0	0.211	1	0:00:00.172145
9070	2	2	0.676	1	0:00:00.172471
9075	0	0	0.97	1	0:00:00.171995
9080	3	3	0.364	1	0:00:00.172037
9085	9	9	0.162	1	0:00:00.171839
9090	2	2	0.162	1	0:00:00.172225
9095	5	5	0.332	1	0:00:00.172088
9100	9	1	0.143	0	0:00:00.172565
9105	8	8	0.17	1	0:00:00.172125
9110	1	1	0.97	1	0:00:00.172288
9115	8	8	0.97	1	0:00:00.172126
9120	3	3	0.0332	1	0:00:00.172172
9125	1	1	0.97	1	0:00:00.172107
9130	8	8	0.84	1	0:00:00.172252
9135	7	7	0.142	1	0:00:00.172454
9140	7	7	0.364	1	0:00:00.172659
9145	1	1	0.405	1	0:00:00.172193
9150	6	6	0.494	1	0:00:00.172012
9155	5	5	0.873	1	0:00:00.172114
9160	5	5	0.234	1	0:00:00.172683
9165	4	4	0.852	1	0:00:00.172253
9170	0	0	0.282	1	0:00:00.172093
9175	8	8	0.97	1	0:00:00.171934
9180	5	5	0.97	1	0:00:00.171927
9185	1	1	0.069	1	0:00:00.172419
9190	3	5	0.182	0	0:00:00.172394
9195	6	6	0.8	1	0:00:00.171974
9200	8	8	0.165	1	0:00:00.172275
9205	4	4	0.561	1	0:00:00.172093
9210	7	7	0.97	1	0:00:00.172304
9215	5	5	0.97	1	0:00:00.171542
9220	8	8	0.97	1	0:00:00.172410
9225	5	3	0.237	0	0:00:00.172289
9230	2	2	0.211	1	0:00:00.172364
9235	0	0	0.84	1	0:00:00.171896
9240	8	8	0.639	1	0:00:00.172196
9245	1	1	0.97	1	0:00:00.172263
9250	3	3	0.157	1	0:00:00.172345
9255	3	3	0.625	1	0:00:00.172400
9260	5	5	0.97	1	0:00:00.171926
9265	1	1	0.657	1	0:00:00.172315
9270	9	9	0.97	1	0:00:00.172079
9275	8	8	0.97	1	0:00:00.171924
9280	9	9	0.545	1	0:00:00.172360
9285	8	8	0.873	1	0:00:00.172056
9290	4	4	0.464	1	0:00:00.172302
9295	3	3	0.608	1	0:00:00.172426
9300	5	2	0.0789	0	0:00:00.172525
9305	5	7	0.299	0	0:00:00.171996
9310	3	3	0.489	1	0:00:00.172776
9315	7	7	0.852	1	0:00:00.172167
9320	9	9	0.97	1	0:00:00.172369
9325	6	6	0.852	1	0:00:00.172450
9330	4	4	0.356	1	0:00:00.172153
9335	4	4	0.97	1	0:00:00.172349
9340	1	1	0.97	1	0:00:00.172300
9345	1	1	0.166	1	0:00:00.172611
9350	6	7	0.00231	0	0:00:00.172095
9355	6	6	0.0548	1	0:00:00.172366
9360	5	0	0.239	0	0:00:00.171824
9365	6	6	0.764	1	0:00:00.172683
9370	8	1	0.00953	0	0:00:00.172232
9375	3	5	0.205	0	0:00:00.172888
9380	5	3	0.566	0	0:00:00.171690
9385	7	5	0.44	0	0:00:00.172182
9390	7	7	0.97	1	0:00:00.172078
9395	7	7	0.97	1	0:00:00.172190
9400	6	6	0.873	1	0:00:00.172141
9405	8	8	0.97	1	0:00:00.172334
9410	5	5	0.873	1	0:00:00.172141
9415	0	4	0.263	0	0:00:00.172274
9420	5	5	0.97	1	0:00:00.171808
9425	6	6	0.324	1	0:00:00.172695
9430	6	6	0.204	1	0:00:00.172157
9435	2	2	0.873	1	0:00:00.172149
9440	8	8	0.97	1	0:00:00.172401
9445	9	9	0.217	1	0:00:00.172177
9450	6	6	0.445	1	0:00:00.171832
9455	1	1	0.97	1	0:00:00.172181
9460	3	3	0.363	1	0:00:00.172186
9465	5	5	0.334	1	0:00:00.172106
9470	9	9	0.97	1	0:00:00.171923
9475	2	2	0.334	1	0:00:00.172474
9480	2	2	0.633	1	0:00:00.171747
9485	7	7	0.873	1	0:00:00.171724
9490	8	8	0.521	1	0:00:00.172786
9495	0	0	0.496	1	0:00:00.171763
9500	9	9	0.97	1	0:00:00.172263
9505	3	3	0.125	1	0:00:00.172476
9510	1	1	0.873	1	0:00:00.174075
9515	0	0	0.209	1	0:00:00.169208
9520	1	1	0.97	1	0:00:00.170847
9525	2	2	0.649	1	0:00:00.172242
9530	6	6	0.97	1	0:00:00.172469
9535	1	9	0.217	0	0:00:00.172044
9540	5	5	0.619	1	0:00:00.172039
9545	9	9	0.97	1	0:00:00.171751
9550	6	6	0.808	1	0:00:00.172482
9555	4	4	0.118	1	0:00:00.172021
9560	9	7	0.141	0	0:00:00.172296
9565	0	0	0.97	1	0:00:00.171814
9570	7	7	0.97	1	0:00:00.174357
9575	5	5	0.459	1	0:00:00.171127
9580	1	1	0.97	1	0:00:00.171255
9585	4	4	0.787	1	0:00:00.171338
9590	0	0	0.435	1	0:00:00.171286
9595	7	7	0.657	1	0:00:00.171451
9600	8	8	0.101	1	0:00:00.170939
9605	5	5	0.6	1	0:00:00.171118
9610	4	4	0.97	1	0:00:00.170929
9615	6	6	0.554	1	0:00:00.171549
9620	4	4	0.521	1	0:00:00.171256
9625	2	2	0.541	1	0:00:00.171531
9630	6	6	0.774	1	0:00:00.171397
9635	7	4	0.289	0	0:00:00.171400
9640	5	5	0.533	1	0:00:00.171606
9645	1	1	0.97	1	0:00:00.171195
9650	8	8	0.97	1	0:00:00.168978
9655	8	8	0.97	1	0:00:00.171096
9660	6	6	0.97	1	0:00:00.172540
9665	3	5	0.131	0	0:00:00.172268
9670	1	1	0.97	1	0:00:00.171852
9675	4	4	0.476	1	0:00:00.172173
9680	8	8	0.636	1	0:00:00.172313
9685	0	0	0.391	1	0:00:00.172559
9690	4	4	0.296	1	0:00:00.172240
9695	0	0	0.725	1	0:00:00.171515
9700	0	0	0.97	1	0:00:00.172061
9705	6	6	0.0614	1	0:00:00.171316
9710	7	7	0.97	1	0:00:00.169021
9715	4	3	0.0883	0	0:00:00.171404
9720	8	8	0.125	1	0:00:00.171461
9725	8	8	0.348	1	0:00:00.171151
9730	6	6	0.97	1	0:00:00.171399
9735	6	0	0.0561	0	0:00:00.169211
9740	3	6	0.35	0	0:00:00.171474
9745	3	3	0.633	1	0:00:00.171463
9750	2	2	0.255	1	0:00:00.172298
9755	3	3	0.13	1	0:00:00.171878
9760	9	9	0.404	1	0:00:00.172467
9765	4	4	0.873	1	0:00:00.172194
9770	4	5	0.0	0	0:00:00.171854
9775	9	9	0.97	1	0:00:00.171715
9780	4	4	0.21	1	0:00:00.172389
9785	8	8	0.436	1	0:00:00.172190
9790	8	8	0.373	1	0:00:00.172005
9795	4	4	0.0843	1	0:00:00.172006
9800	1	1	0.97	1	0:00:00.171643
9805	2	2	0.817	1	0:00:00.171788
9810	8	8	0.526	1	0:00:00.171497
9815	5	5	0.0282	1	0:00:00.172368
9820	0	8	0.0779	0	0:00:00.172286
9825	2	2	0.48	1	0:00:00.172000
9830	1	1	0.579	1	0:00:00.171733
9835	7	7	0.873	1	0:00:00.172706
9840	4	7	0.468	0	0:00:00.171860
9845	9	9	0.8	1	0:00:00.171813
9850	7	4	0.603	0	0:00:00.172392
9855	7	7	0.441	1	0:00:00.172073
9860	0	0	0.4	1	0:00:00.174571
9865	1	1	0.97	1	0:00:00.171256
9870	2	2	0.97	1	0:00:00.170990
9875	9	9	0.397	1	0:00:00.171579
9880	7	7	0.336	1	0:00:00.171375
9885	8	8	0.97	1	0:00:00.171783
9890	0	0	0.97	1	0:00:00.171129
9895	4	4	0.873	1	0:00:00.172620
9900	8	8	0.97	1	0:00:00.171313
9905	1	1	0.97	1	0:00:00.171066
9910	4	4	0.409	1	0:00:00.171143
9915	2	2	0.804	1	0:00:00.171055
9920	6	6	0.873	1	0:00:00.171478
9925	4	4	0.852	1	0:00:00.171429
9930	8	8	0.873	1	0:00:00.171187
9935	1	1	0.97	1	0:00:00.171556
9940	4	4	0.492	1	0:00:00.171377
9945	7	7	0.619	1	0:00:00.171035
9950	3	3	0.229	1	0:00:00.169191
9955	8	8	0.97	1	0:00:00.171132
9960	2	0	0.97	0	0:00:00.170851
9965	2	4	0.0987	0	0:00:00.171214
9970	2	4	0.564	0	0:00:00.171164
9975	7	7	0.97	1	0:00:00.171442
9980	0	0	0.97	1	0:00:00.170686
9985	5	5	0.598	1	0:00:00.171350
9990	7	7	0.97	1	0:00:00.171345
9995	8	8	0.97	1	0:00:00.171056
