idx	label	predict	radius	correct	time
0	3	3	0.956	1	0:00:00.335938
5	6	6	1.02	1	0:00:00.176118
10	0	0	0.66	1	0:00:00.172592
15	8	8	1.15	1	0:00:00.170821
20	7	7	0.0	0	0:00:00.170318
25	2	2	1.05	1	0:00:00.170916
30	6	6	0.556	1	0:00:00.170673
35	2	3	0.0417	0	0:00:00.170886
40	4	4	0.647	1	0:00:00.168651
45	9	9	1.26	1	0:00:00.172544
50	9	9	0.556	1	0:00:00.172231
55	8	8	0.797	1	0:00:00.171830
60	7	7	1.25	1	0:00:00.172157
65	2	2	0.664	1	0:00:00.172305
70	2	4	0.0775	0	0:00:00.172294
75	2	2	0.743	1	0:00:00.170078
80	8	8	0.873	1	0:00:00.172350
85	5	7	1.31	0	0:00:00.174552
90	0	0	0.684	1	0:00:00.172441
95	6	3	0.0	0	0:00:00.171898
100	4	5	0.0354	0	0:00:00.171855
105	1	1	1.94	1	0:00:00.172592
110	4	4	0.0272	1	0:00:00.172481
115	3	3	0.0	0	0:00:00.172588
120	8	8	0.301	1	0:00:00.172319
125	0	6	0.0281	0	0:00:00.172899
130	4	4	0.741	1	0:00:00.171214
135	2	2	0.0664	1	0:00:00.170673
140	6	6	0.48	1	0:00:00.170720
145	7	7	0.217	1	0:00:00.170854
150	8	8	1.17	1	0:00:00.170807
155	5	5	0.507	1	0:00:00.172728
160	2	2	0.979	1	0:00:00.170897
165	4	2	0.867	0	0:00:00.170930
170	9	9	1.06	1	0:00:00.170828
175	9	9	1.94	1	0:00:00.170582
180	0	0	0.901	1	0:00:00.171010
185	8	8	1.38	1	0:00:00.168104
190	5	3	0.0	0	0:00:00.168314
195	2	2	0.292	1	0:00:00.170009
200	5	5	0.305	1	0:00:00.172635
205	3	3	0.329	1	0:00:00.172165
210	7	6	0.0	0	0:00:00.172381
215	0	0	0.718	1	0:00:00.172391
220	7	7	0.325	1	0:00:00.172579
225	9	9	0.621	1	0:00:00.171912
230	5	5	1.48	1	0:00:00.172421
235	0	0	1.94	1	0:00:00.172270
240	1	1	1.94	1	0:00:00.172299
245	3	3	0.772	1	0:00:00.172334
250	5	5	0.239	1	0:00:00.172008
255	0	0	0.136	1	0:00:00.172336
260	8	8	0.149	1	0:00:00.172257
265	8	8	1.14	1	0:00:00.172090
270	2	2	0.104	1	0:00:00.172514
275	5	5	0.0	0	0:00:00.172019
280	9	9	1.34	1	0:00:00.172046
285	9	9	1.94	1	0:00:00.172276
290	1	1	1.75	1	0:00:00.172306
295	4	2	0.0326	0	0:00:00.172201
300	6	6	0.808	1	0:00:00.174393
305	1	1	0.308	1	0:00:00.172907
310	8	8	0.985	1	0:00:00.170934
315	0	0	1.63	1	0:00:00.171033
320	3	3	0.149	1	0:00:00.172991
325	1	1	0.867	1	0:00:00.170748
330	1	1	1.33	1	0:00:00.168812
335	9	9	1.15	1	0:00:00.170232
340	2	4	0.0	0	0:00:00.171384
345	5	5	1.61	1	0:00:00.171272
350	9	9	1.1	1	0:00:00.170883
355	7	3	0.403	0	0:00:00.171168
360	9	9	0.323	1	0:00:00.170868
365	4	4	0.451	1	0:00:00.171040
370	4	4	0.356	1	0:00:00.170655
375	7	7	1.23	1	0:00:00.170257
380	6	6	0.552	1	0:00:00.170250
385	8	0	0.165	0	0:00:00.171037
390	1	1	1.31	1	0:00:00.170662
395	6	6	0.324	1	0:00:00.170630
400	9	9	0.897	1	0:00:00.170839
405	4	2	0.0145	0	0:00:00.170577
410	7	7	0.843	1	0:00:00.170984
415	9	9	1.66	1	0:00:00.172971
420	4	4	0.726	1	0:00:00.170888
425	9	9	1.75	1	0:00:00.169998
430	2	4	0.0454	0	0:00:00.170795
435	7	7	0.595	1	0:00:00.171056
440	1	1	0.965	1	0:00:00.170864
445	7	2	0.0821	0	0:00:00.173042
450	2	2	0.827	1	0:00:00.170249
455	4	2	0.339	0	0:00:00.172818
460	5	5	1.02	1	0:00:00.171963
465	4	4	0.14	1	0:00:00.171585
470	3	3	0.0	0	0:00:00.171307
475	7	7	1.09	1	0:00:00.170034
480	8	8	0.127	1	0:00:00.172937
485	9	8	0.0581	0	0:00:00.171729
490	1	1	1.33	1	0:00:00.171570
495	8	8	1.65	1	0:00:00.171830
500	4	6	0.0849	0	0:00:00.171880
505	4	4	0.285	1	0:00:00.172338
510	5	5	1.06	1	0:00:00.171804
515	3	3	1.05	1	0:00:00.171988
520	5	5	0.48	1	0:00:00.169559
525	5	5	0.0903	1	0:00:00.170654
530	9	9	0.921	1	0:00:00.170851
535	6	6	1.03	1	0:00:00.170894
540	1	1	1.03	1	0:00:00.171124
545	9	9	1.19	1	0:00:00.170818
550	5	5	0.0	0	0:00:00.170928
555	4	8	0.281	0	0:00:00.171215
560	0	0	1.75	1	0:00:00.170514
565	3	3	0.0942	1	0:00:00.170624
570	6	6	0.634	1	0:00:00.170593
575	6	6	0.595	1	0:00:00.170583
580	4	4	0.506	1	0:00:00.170935
585	9	1	0.0664	0	0:00:00.170810
590	6	6	0.976	1	0:00:00.172806
595	4	4	0.178	1	0:00:00.171106
600	8	8	0.857	1	0:00:00.171610
605	6	6	1.45	1	0:00:00.171447
610	6	6	0.785	1	0:00:00.172061
615	8	3	0.18	0	0:00:00.172130
620	7	7	0.495	1	0:00:00.169459
625	9	9	0.601	1	0:00:00.170531
630	2	8	0.0164	0	0:00:00.172956
635	6	6	0.437	1	0:00:00.171882
640	5	3	0.691	0	0:00:00.171812
645	1	9	0.138	0	0:00:00.171855
650	3	3	1.13	1	0:00:00.172337
655	2	4	0.643	0	0:00:00.172038
660	9	9	0.98	1	0:00:00.171500
665	8	8	0.795	1	0:00:00.169814
670	6	6	1.15	1	0:00:00.173057
675	0	0	0.315	1	0:00:00.172115
680	9	1	0.209	0	0:00:00.172250
685	6	2	0.0956	0	0:00:00.171714
690	3	4	0.205	0	0:00:00.171596
695	3	4	0.816	0	0:00:00.171718
700	7	7	1.3	1	0:00:00.172073
705	4	4	1.08	1	0:00:00.171527
710	6	2	0.495	0	0:00:00.171888
715	3	3	0.224	1	0:00:00.169258
720	4	4	0.324	1	0:00:00.170824
725	2	8	0.558	0	0:00:00.170791
730	4	3	0.11	0	0:00:00.170765
735	4	4	0.156	1	0:00:00.172499
740	2	5	0.353	0	0:00:00.171894
745	7	7	0.663	1	0:00:00.171980
750	9	9	1.45	1	0:00:00.171839
755	2	4	0.577	0	0:00:00.171815
760	3	3	0.459	1	0:00:00.171798
765	2	2	1.2	1	0:00:00.169355
770	6	0	0.0	0	0:00:00.170804
775	2	4	0.161	0	0:00:00.170130
780	9	9	0.889	1	0:00:00.171226
785	0	0	0.503	1	0:00:00.172617
790	3	0	1.52	0	0:00:00.171749
795	7	7	0.11	1	0:00:00.171976
800	7	7	1.94	1	0:00:00.171742
805	4	4	0.0	0	0:00:00.171823
810	5	3	0.489	0	0:00:00.169731
815	8	8	0.882	1	0:00:00.171002
820	6	1	0.0775	0	0:00:00.170822
825	3	6	0.0719	0	0:00:00.170946
830	1	1	0.655	1	0:00:00.171030
835	4	3	0.0	0	0:00:00.170794
840	7	7	1.94	1	0:00:00.170860
845	3	2	0.327	0	0:00:00.171471
850	7	5	0.265	0	0:00:00.172868
855	7	7	1.94	1	0:00:00.172025
860	4	4	0.439	1	0:00:00.169744
865	1	1	1.68	1	0:00:00.173390
870	3	3	0.496	1	0:00:00.172197
875	8	8	0.53	1	0:00:00.171881
880	8	8	1.19	1	0:00:00.172168
885	0	0	0.83	1	0:00:00.172464
890	4	3	0.0173	0	0:00:00.171517
895	1	1	0.791	1	0:00:00.171799
900	2	6	0.0629	0	0:00:00.172143
905	7	7	0.0	0	0:00:00.171633
910	5	5	0.0	0	0:00:00.170106
915	1	1	1.02	1	0:00:00.170882
920	6	6	0.071	1	0:00:00.170405
925	5	3	1.33	0	0:00:00.170262
930	4	4	0.725	1	0:00:00.170752
935	2	2	1.39	1	0:00:00.170750
940	9	9	1.75	1	0:00:00.170688
945	3	3	0.234	1	0:00:00.171063
950	3	3	0.0426	1	0:00:00.170917
955	7	7	1.35	1	0:00:00.170566
960	9	3	0.138	0	0:00:00.170470
965	6	6	0.0	0	0:00:00.170418
970	9	9	1.13	1	0:00:00.170908
975	0	0	1.94	1	0:00:00.170941
980	2	6	0.137	0	0:00:00.170841
985	8	8	1.94	1	0:00:00.171018
990	1	1	0.851	1	0:00:00.172748
995	3	3	0.0	0	0:00:00.171841
1000	5	5	1.24	1	0:00:00.172425
1005	1	1	0.784	1	0:00:00.169414
1010	0	0	1.75	1	0:00:00.170563
1015	4	4	0.326	1	0:00:00.171336
1020	1	1	1.7	1	0:00:00.172856
1025	5	5	0.663	1	0:00:00.171931
1030	3	3	0.65	1	0:00:00.171834
1035	6	6	0.0563	1	0:00:00.171661
1040	7	5	0.107	0	0:00:00.171439
1045	5	3	0.444	0	0:00:00.171478
1050	3	3	0.273	1	0:00:00.172327
1055	5	5	0.685	1	0:00:00.169815
1060	9	9	1.75	1	0:00:00.170807
1065	3	9	0.116	0	0:00:00.170512
1070	3	3	0.666	1	0:00:00.170921
1075	8	8	0.448	1	0:00:00.170795
1080	6	2	0.123	0	0:00:00.170763
1085	4	4	1.15	1	0:00:00.170479
1090	0	0	0.747	1	0:00:00.170849
1095	2	2	0.702	1	0:00:00.170831
1100	7	7	0.364	1	0:00:00.170374
1105	4	3	0.518	0	0:00:00.170955
1110	2	2	1.94	1	0:00:00.171004
1115	1	1	1.15	1	0:00:00.170936
1120	5	5	0.189	1	0:00:00.170925
1125	6	6	0.953	1	0:00:00.170943
1130	7	4	0.0	0	0:00:00.170568
1135	6	6	0.84	1	0:00:00.171209
1140	6	6	0.584	1	0:00:00.172946
1145	4	6	0.0	0	0:00:00.171632
1150	2	4	0.1	0	0:00:00.169455
1155	9	9	0.544	1	0:00:00.171103
1160	8	8	0.0729	1	0:00:00.170610
1165	0	0	1.18	1	0:00:00.172964
1170	7	7	1.28	1	0:00:00.172312
1175	9	9	0.891	1	0:00:00.171678
1180	3	3	0.462	1	0:00:00.171731
1185	1	1	0.372	1	0:00:00.171518
1190	1	1	0.781	1	0:00:00.171863
1195	6	6	1.7	1	0:00:00.171662
1200	8	8	0.605	1	0:00:00.172072
1205	8	8	0.894	1	0:00:00.171292
1210	0	0	1.24	1	0:00:00.172017
1215	7	7	1.75	1	0:00:00.171537
1220	9	6	0.0	0	0:00:00.171597
1225	6	6	0.656	1	0:00:00.171848
1230	5	3	0.594	0	0:00:00.171692
1235	5	5	0.399	1	0:00:00.171498
1240	2	6	0.466	0	0:00:00.172036
1245	6	3	0.536	0	0:00:00.169336
1250	7	7	0.649	1	0:00:00.171471
1255	4	4	0.549	1	0:00:00.170941
1260	1	9	0.235	0	0:00:00.170636
1265	9	1	0.694	0	0:00:00.170876
1270	1	1	0.277	1	0:00:00.170918
1275	3	3	0.392	1	0:00:00.170689
1280	3	5	0.148	0	0:00:00.170622
1285	9	0	0.0	0	0:00:00.170997
1290	5	5	1.27	1	0:00:00.171158
1295	0	0	1.12	1	0:00:00.171609
1300	4	3	0.486	0	0:00:00.170762
1305	9	9	0.606	1	0:00:00.171210
1310	0	0	1.94	1	0:00:00.172426
1315	4	2	0.469	0	0:00:00.172039
1320	7	7	0.164	1	0:00:00.171848
1325	2	2	0.0	0	0:00:00.171530
1330	2	3	0.114	0	0:00:00.172002
1335	1	1	1.33	1	0:00:00.172067
1340	1	1	1.3	1	0:00:00.172384
1345	4	2	0.0961	0	0:00:00.169143
1350	4	6	0.0738	0	0:00:00.170287
1355	5	3	0.11	0	0:00:00.170496
1360	7	7	0.409	1	0:00:00.171149
1365	0	0	1.7	1	0:00:00.170791
1370	9	9	0.355	1	0:00:00.170717
1375	4	4	1.94	1	0:00:00.173018
1380	4	5	0.392	0	0:00:00.171372
1385	5	5	0.453	1	0:00:00.172208
1390	6	6	1.12	1	0:00:00.169786
1395	3	3	0.0281	1	0:00:00.170562
1400	5	5	0.0719	1	0:00:00.170810
1405	1	1	0.461	1	0:00:00.170933
1410	1	1	1.68	1	0:00:00.171003
1415	7	7	0.857	1	0:00:00.171299
1420	4	7	0.217	0	0:00:00.171376
1425	4	4	0.00642	1	0:00:00.171083
1430	8	8	0.512	1	0:00:00.171283
1435	1	1	1.94	1	0:00:00.170839
1440	0	0	0.437	1	0:00:00.170406
1445	3	3	0.352	1	0:00:00.171065
1450	2	2	0.749	1	0:00:00.171060
1455	6	6	1.27	1	0:00:00.170300
1460	6	6	1.22	1	0:00:00.170574
1465	9	9	0.92	1	0:00:00.170210
1470	7	0	0.01	0	0:00:00.170710
1475	9	9	1.24	1	0:00:00.170718
1480	1	1	0.556	1	0:00:00.170611
1485	0	0	0.512	1	0:00:00.171168
1490	8	8	1.94	1	0:00:00.168523
1495	2	2	0.156	1	0:00:00.172673
1500	1	1	0.814	1	0:00:00.171087
1505	2	2	0.0	0	0:00:00.170756
1510	8	8	0.192	1	0:00:00.171189
1515	2	2	0.63	1	0:00:00.171012
1520	7	7	1.29	1	0:00:00.170451
1525	3	5	0.0	0	0:00:00.170891
1530	3	3	0.199	1	0:00:00.170888
1535	4	2	0.353	0	0:00:00.170440
1540	8	8	1.75	1	0:00:00.170597
1545	1	9	0.216	0	0:00:00.170735
1550	6	6	0.149	1	0:00:00.170718
1555	0	0	0.795	1	0:00:00.170984
1560	7	7	1.94	1	0:00:00.171191
1565	6	6	0.48	1	0:00:00.171113
1570	4	4	0.369	1	0:00:00.170509
1575	2	2	0.383	1	0:00:00.171089
1580	6	1	0.436	0	0:00:00.171413
1585	7	7	1.94	1	0:00:00.170799
1590	4	2	0.0	0	0:00:00.171092
1595	3	1	0.0	0	0:00:00.171309
1600	8	9	0.0479	0	0:00:00.170790
1605	3	2	0.167	0	0:00:00.173250
1610	2	0	0.143	0	0:00:00.172368
1615	7	7	1.94	1	0:00:00.171906
1620	5	5	0.0	0	0:00:00.172157
1625	3	3	0.449	1	0:00:00.171869
1630	9	9	1.03	1	0:00:00.172290
1635	7	7	0.564	1	0:00:00.169367
1640	7	4	0.0	0	0:00:00.168766
1645	4	4	0.861	1	0:00:00.171218
1650	5	5	1.43	1	0:00:00.170810
1655	8	8	1.32	1	0:00:00.170476
1660	3	3	0.303	1	0:00:00.170848
1665	6	6	1.19	1	0:00:00.170968
1670	6	4	0.411	0	0:00:00.170816
1675	5	1	0.0	0	0:00:00.170318
1680	6	6	1.08	1	0:00:00.170690
1685	8	4	0.0424	0	0:00:00.171071
1690	2	0	0.0508	0	0:00:00.170629
1695	9	9	0.68	1	0:00:00.170925
1700	5	2	0.0	0	0:00:00.170142
1705	0	0	1.94	1	0:00:00.171378
1710	4	4	0.532	1	0:00:00.170991
1715	3	3	0.0	0	0:00:00.171150
1720	4	4	0.0784	1	0:00:00.171088
1725	0	0	1.7	1	0:00:00.171238
1730	4	0	0.242	0	0:00:00.168623
1735	0	0	1.03	1	0:00:00.170880
1740	1	1	0.0877	1	0:00:00.171546
1745	5	5	1.29	1	0:00:00.172053
1750	8	8	0.463	1	0:00:00.173249
1755	7	7	0.718	1	0:00:00.171025
1760	0	0	0.419	1	0:00:00.170711
1765	4	6	0.144	0	0:00:00.171310
1770	7	7	0.509	1	0:00:00.171149
1775	3	3	0.545	1	0:00:00.171123
1780	7	7	0.628	1	0:00:00.168893
1785	0	2	0.145	0	0:00:00.171593
1790	7	5	0.457	0	0:00:00.171012
1795	6	6	0.377	1	0:00:00.171113
1800	4	4	0.21	1	0:00:00.171256
1805	8	8	1.03	1	0:00:00.171276
1810	1	1	0.484	1	0:00:00.170961
1815	9	9	1.26	1	0:00:00.171329
1820	8	8	0.376	1	0:00:00.171103
1825	2	2	1.94	1	0:00:00.169593
1830	3	2	0.598	0	0:00:00.170421
1835	0	4	0.0	0	0:00:00.172618
1840	8	4	0.0992	0	0:00:00.172040
1845	7	7	0.0	0	0:00:00.172193
1850	1	3	0.169	0	0:00:00.172542
1855	5	5	0.325	1	0:00:00.173001
1860	8	8	1.27	1	0:00:00.172657
1865	7	7	0.479	1	0:00:00.175006
1870	2	2	1.3	1	0:00:00.172816
1875	0	0	1.75	1	0:00:00.170649
1880	1	1	1.11	1	0:00:00.172274
1885	5	5	0.741	1	0:00:00.172489
1890	6	6	0.534	1	0:00:00.172490
1895	8	8	0.249	1	0:00:00.172292
1900	8	8	1.94	1	0:00:00.172675
1905	3	2	0.0	0	0:00:00.172128
1910	4	4	0.712	1	0:00:00.172982
1915	9	9	1.7	1	0:00:00.173248
1920	2	2	1.41	1	0:00:00.172811
1925	1	1	0.677	1	0:00:00.172370
1930	1	1	0.476	1	0:00:00.172881
1935	6	2	0.196	0	0:00:00.172549
1940	5	5	1.17	1	0:00:00.172912
1945	4	4	0.15	1	0:00:00.172664
1950	5	3	0.0	0	0:00:00.172693
1955	2	7	0.685	0	0:00:00.172293
1960	2	5	0.156	0	0:00:00.172993
1965	0	0	0.854	1	0:00:00.172934
1970	1	1	1.7	1	0:00:00.172520
1975	6	7	0.0326	0	0:00:00.172517
1980	9	9	1.35	1	0:00:00.172752
1985	6	6	0.0938	1	0:00:00.172001
1990	4	7	0.179	0	0:00:00.172986
1995	2	2	0.847	1	0:00:00.172843
2000	1	1	0.417	1	0:00:00.172575
2005	5	7	0.0264	0	0:00:00.172944
2010	7	7	0.0381	1	0:00:00.172658
2015	4	4	0.2	1	0:00:00.172924
2020	9	9	1.39	1	0:00:00.174311
2025	4	2	0.0918	0	0:00:00.172198
2030	4	4	0.145	1	0:00:00.172945
2035	6	6	0.171	1	0:00:00.171055
2040	0	0	1.2	1	0:00:00.172377
2045	1	1	0.633	1	0:00:00.172661
2050	8	8	1.17	1	0:00:00.172648
2055	5	5	0.434	1	0:00:00.172737
2060	5	3	0.638	0	0:00:00.172967
2065	2	4	0.0	0	0:00:00.172643
2070	2	4	0.248	0	0:00:00.171278
2075	4	4	0.224	1	0:00:00.172614
2080	1	1	0.148	1	0:00:00.172869
2085	0	0	0.61	1	0:00:00.172735
2090	2	2	0.397	1	0:00:00.172963
2095	0	0	1.75	1	0:00:00.172843
2100	2	2	0.621	1	0:00:00.172904
2105	6	6	0.768	1	0:00:00.172657
2110	0	0	0.386	1	0:00:00.172476
2115	5	5	0.227	1	0:00:00.172545
2120	4	8	0.741	0	0:00:00.172916
2125	1	1	0.149	1	0:00:00.172513
2130	0	0	1.08	1	0:00:00.172382
2135	8	8	1.38	1	0:00:00.172513
2140	9	9	1.94	1	0:00:00.172543
2145	7	4	0.32	0	0:00:00.172690
2150	9	9	0.676	1	0:00:00.172540
2155	9	8	0.259	0	0:00:00.172150
2160	0	0	0.249	1	0:00:00.172564
2165	2	0	0.733	0	0:00:00.172433
2170	2	2	1.36	1	0:00:00.172391
2175	3	5	0.0463	0	0:00:00.172929
2180	4	4	0.905	1	0:00:00.172841
2185	0	0	0.941	1	0:00:00.172856
2190	9	9	0.686	1	0:00:00.172715
2195	4	4	0.351	1	0:00:00.173136
2200	0	0	0.0774	1	0:00:00.172492
2205	5	5	0.282	1	0:00:00.173128
2210	2	2	0.51	1	0:00:00.174322
2215	0	0	0.213	1	0:00:00.172158
2220	1	1	1.94	1	0:00:00.172590
2225	7	7	1.94	1	0:00:00.172412
2230	3	3	0.597	1	0:00:00.172796
2235	2	2	1.94	1	0:00:00.172752
2240	9	9	0.115	1	0:00:00.172534
2245	8	8	0.365	1	0:00:00.173230
2250	7	9	0.0673	0	0:00:00.172791
2255	1	1	0.569	1	0:00:00.170822
2260	4	4	0.661	1	0:00:00.172338
2265	8	8	1.28	1	0:00:00.172576
2270	2	2	0.169	1	0:00:00.173227
2275	6	6	0.166	1	0:00:00.172738
2280	4	8	0.0	0	0:00:00.172230
2285	3	5	0.0263	0	0:00:00.173036
2290	9	9	1.6	1	0:00:00.173123
2295	8	8	0.848	1	0:00:00.172694
2300	3	3	0.0191	1	0:00:00.172839
2305	9	9	0.0	0	0:00:00.172644
2310	6	6	0.251	1	0:00:00.173247
2315	2	2	0.327	1	0:00:00.172720
2320	5	2	0.167	0	0:00:00.172665
2325	7	3	0.00822	0	0:00:00.175429
2330	0	0	0.715	1	0:00:00.172463
2335	5	3	0.737	0	0:00:00.172280
2340	7	7	1.7	1	0:00:00.172459
2345	1	1	1.94	1	0:00:00.172470
2350	3	6	0.0877	0	0:00:00.172653
2355	9	9	0.0536	1	0:00:00.171174
2360	7	7	0.208	1	0:00:00.173296
2365	7	7	1.0	1	0:00:00.172060
2370	0	0	0.908	1	0:00:00.172133
2375	0	0	0.214	1	0:00:00.170274
2380	8	8	0.762	1	0:00:00.172607
2385	4	9	0.0	0	0:00:00.172551
2390	1	1	0.304	1	0:00:00.172734
2395	7	0	0.0	0	0:00:00.173289
2400	0	0	1.48	1	0:00:00.173391
2405	3	6	1.94	0	0:00:00.172542
2410	3	3	1.27	1	0:00:00.172675
2415	6	6	0.161	1	0:00:00.172598
2420	8	8	0.0	0	0:00:00.172067
2425	0	0	0.216	1	0:00:00.172735
2430	7	7	0.445	1	0:00:00.172766
2435	6	2	0.0664	0	0:00:00.172050
2440	7	7	0.235	1	0:00:00.172939
2445	6	6	1.94	1	0:00:00.172873
2450	1	1	1.94	1	0:00:00.172763
2455	6	6	0.602	1	0:00:00.172531
2460	9	9	0.0354	1	0:00:00.172651
2465	9	9	0.903	1	0:00:00.173254
2470	7	7	1.36	1	0:00:00.173043
2475	6	6	1.45	1	0:00:00.172971
2480	8	8	1.05	1	0:00:00.173332
2485	6	6	1.75	1	0:00:00.173041
2490	0	0	0.097	1	0:00:00.172536
2495	9	8	0.891	0	0:00:00.175105
2500	4	4	0.303	1	0:00:00.171130
2505	7	1	0.0164	0	0:00:00.169999
2510	4	4	0.397	1	0:00:00.172854
2515	2	6	0.0435	0	0:00:00.172622
2520	1	9	0.0719	0	0:00:00.172710
2525	5	0	0.0	0	0:00:00.172906
2530	6	6	0.668	1	0:00:00.173067
2535	0	6	0.0	0	0:00:00.172929
2540	2	3	0.098	0	0:00:00.172988
2545	4	4	0.509	1	0:00:00.172546
2550	4	4	0.0517	1	0:00:00.172761
2555	7	9	0.313	0	0:00:00.174404
2560	7	7	0.36	1	0:00:00.172449
2565	3	3	0.653	1	0:00:00.172345
2570	0	0	0.0	0	0:00:00.170588
2575	5	4	0.733	0	0:00:00.172413
2580	6	6	0.769	1	0:00:00.173059
2585	3	5	0.001	0	0:00:00.172582
2590	5	5	0.398	1	0:00:00.172379
2595	4	4	0.556	1	0:00:00.172165
2600	8	8	1.33	1	0:00:00.172083
2605	4	9	0.0	0	0:00:00.172982
2610	2	2	1.35	1	0:00:00.172661
2615	7	7	0.635	1	0:00:00.172954
2620	1	1	0.324	1	0:00:00.172901
2625	2	2	1.02	1	0:00:00.172523
2630	2	2	0.165	1	0:00:00.173064
2635	6	4	0.0	0	0:00:00.175001
2640	7	7	1.68	1	0:00:00.172710
2645	1	1	1.94	1	0:00:00.171957
2650	5	9	0.479	0	0:00:00.172883
2655	4	0	0.514	0	0:00:00.173360
2660	3	3	0.154	1	0:00:00.172634
2665	1	1	1.37	1	0:00:00.172260
2670	9	9	0.221	1	0:00:00.173123
2675	2	2	0.177	1	0:00:00.172396
2680	0	0	1.94	1	0:00:00.172140
2685	2	4	0.565	0	0:00:00.170579
2690	2	6	0.0554	0	0:00:00.171716
2695	2	2	0.4	1	0:00:00.172744
2700	9	9	0.127	1	0:00:00.173066
2705	8	0	0.0499	0	0:00:00.172015
2710	7	7	1.94	1	0:00:00.172291
2715	0	0	1.32	1	0:00:00.172808
2720	3	3	0.597	1	0:00:00.172928
2725	8	8	1.06	1	0:00:00.173002
2730	6	6	0.836	1	0:00:00.172948
2735	2	6	0.0	0	0:00:00.172960
2740	1	1	0.477	1	0:00:00.173040
2745	8	8	1.94	1	0:00:00.172514
2750	5	5	1.94	1	0:00:00.172319
2755	5	7	0.905	0	0:00:00.172780
2760	2	2	0.75	1	0:00:00.174812
2765	9	9	0.749	1	0:00:00.172538
2770	7	0	0.161	0	0:00:00.172187
2775	3	3	0.617	1	0:00:00.172776
2780	7	7	1.53	1	0:00:00.172326
2785	4	4	0.286	1	0:00:00.173252
2790	8	8	1.94	1	0:00:00.172987
2795	3	3	1.09	1	0:00:00.171409
2800	4	4	0.279	1	0:00:00.171469
2805	4	4	0.289	1	0:00:00.170700
2810	9	7	0.539	0	0:00:00.170640
2815	3	3	0.785	1	0:00:00.171051
2820	6	6	1.33	1	0:00:00.171228
2825	2	6	0.162	0	0:00:00.171603
2830	6	6	1.06	1	0:00:00.168835
2835	4	2	0.00822	0	0:00:00.171175
2840	3	3	1.62	1	0:00:00.171899
2845	5	6	0.0154	0	0:00:00.171089
2850	5	5	1.53	1	0:00:00.170906
2855	3	3	0.165	1	0:00:00.171508
2860	5	4	0.0	0	0:00:00.171379
2865	6	6	1.33	1	0:00:00.170932
2870	8	8	1.14	1	0:00:00.171313
2875	1	1	0.546	1	0:00:00.171931
2880	4	4	1.29	1	0:00:00.168577
2885	5	5	1.94	1	0:00:00.172547
2890	5	5	0.238	1	0:00:00.172209
2895	7	5	1.48	0	0:00:00.172163
2900	3	5	0.0858	0	0:00:00.170662
2905	4	4	0.0865	1	0:00:00.172853
2910	8	0	0.232	0	0:00:00.171435
2915	5	5	1.7	1	0:00:00.171606
2920	2	3	0.21	0	0:00:00.171352
2925	4	4	0.6	1	0:00:00.171391
2930	7	5	0.0849	0	0:00:00.171821
2935	8	8	0.151	1	0:00:00.173069
2940	3	0	0.897	0	0:00:00.171479
2945	7	7	0.0372	1	0:00:00.171016
2950	1	1	0.143	1	0:00:00.171672
2955	2	3	0.366	0	0:00:00.171225
2960	9	9	0.376	1	0:00:00.171803
2965	7	7	0.633	1	0:00:00.171400
2970	5	5	0.158	1	0:00:00.170835
2975	9	2	0.218	0	0:00:00.168428
2980	8	8	0.829	1	0:00:00.171085
2985	2	9	0.00642	0	0:00:00.171540
2990	4	4	0.372	1	0:00:00.171490
2995	4	4	0.133	1	0:00:00.171208
3000	5	5	1.41	1	0:00:00.173211
3005	0	0	0.353	1	0:00:00.171491
3010	6	6	0.888	1	0:00:00.173316
3015	6	6	0.487	1	0:00:00.170573
3020	1	1	0.686	1	0:00:00.171557
3025	2	6	0.0821	0	0:00:00.170640
3030	6	6	0.2	1	0:00:00.171803
3035	3	3	0.607	1	0:00:00.171301
3040	7	7	1.94	1	0:00:00.171310
3045	5	5	1.94	1	0:00:00.171273
3050	0	0	0.191	1	0:00:00.171590
3055	9	9	1.94	1	0:00:00.171321
3060	7	7	0.931	1	0:00:00.171175
3065	3	3	0.0	0	0:00:00.171338
3070	0	0	0.761	1	0:00:00.171932
3075	6	3	0.995	0	0:00:00.171278
3080	1	1	0.691	1	0:00:00.171436
3085	2	6	0.108	0	0:00:00.171407
3090	4	4	0.692	1	0:00:00.171093
3095	4	4	0.0	0	0:00:00.171234
3100	0	0	1.09	1	0:00:00.172005
3105	1	1	1.39	1	0:00:00.171259
3110	7	3	0.372	0	0:00:00.173996
3115	5	2	0.0755	0	0:00:00.171902
3120	4	6	0.0	0	0:00:00.169758
3125	3	3	0.72	1	0:00:00.171060
3130	3	3	0.622	1	0:00:00.171451
3135	7	5	0.254	0	0:00:00.171470
3140	8	8	0.949	1	0:00:00.171842
3145	9	3	0.0	0	0:00:00.171683
3150	1	1	0.2	1	0:00:00.171548
3155	8	8	1.41	1	0:00:00.171767
3160	6	2	0.596	0	0:00:00.171069
3165	1	1	0.413	1	0:00:00.173600
3170	9	9	1.26	1	0:00:00.164693
3175	1	1	0.838	1	0:00:00.171005
3180	3	3	0.0461	1	0:00:00.171015
3185	2	2	0.117	1	0:00:00.171159
3190	3	3	0.195	1	0:00:00.170871
3195	5	6	0.0849	0	0:00:00.171411
3200	5	5	0.812	1	0:00:00.171257
3205	8	8	0.979	1	0:00:00.171260
3210	9	9	1.7	1	0:00:00.171593
3215	1	1	1.94	1	0:00:00.171321
3220	3	9	0.0	0	0:00:00.168685
3225	9	9	1.22	1	0:00:00.172740
3230	3	3	0.0	0	0:00:00.172731
3235	5	4	0.0	0	0:00:00.172801
3240	4	0	0.0363	0	0:00:00.172369
3245	7	7	0.467	1	0:00:00.172374
3250	2	6	0.286	0	0:00:00.170419
3255	5	5	0.641	1	0:00:00.172662
3260	7	7	1.01	1	0:00:00.172821
3265	8	8	1.4	1	0:00:00.172562
3270	8	8	0.227	1	0:00:00.172411
3275	5	4	0.0	0	0:00:00.172951
3280	3	5	0.356	0	0:00:00.173097
3285	1	1	0.176	1	0:00:00.172997
3290	5	5	0.209	1	0:00:00.172999
3295	9	9	0.891	1	0:00:00.173028
3300	4	2	0.0	0	0:00:00.172809
3305	9	9	1.48	1	0:00:00.172377
3310	6	6	0.0779	1	0:00:00.172902
3315	3	3	0.179	1	0:00:00.172293
3320	2	7	0.176	0	0:00:00.172677
3325	6	6	0.0	0	0:00:00.172391
3330	7	7	1.03	1	0:00:00.172705
3335	0	0	0.0	0	0:00:00.175171
3340	6	6	0.506	1	0:00:00.172215
3345	7	7	1.94	1	0:00:00.172308
3350	8	8	0.865	1	0:00:00.172376
3355	5	0	0.0118	0	0:00:00.172585
3360	4	4	0.0109	1	0:00:00.172624
3365	9	9	1.29	1	0:00:00.170718
3370	1	1	1.75	1	0:00:00.172287
3375	4	4	9.83e-05	1	0:00:00.172264
3380	8	8	1.33	1	0:00:00.172917
3385	8	0	0.467	0	0:00:00.172446
3390	3	5	1.0	0	0:00:00.173025
3395	9	9	1.23	1	0:00:00.173225
3400	6	4	0.363	0	0:00:00.172662
3405	7	7	1.48	1	0:00:00.171930
3410	4	4	1.16	1	0:00:00.170699
3415	7	7	0.258	1	0:00:00.173035
3420	5	3	0.0263	0	0:00:00.172785
3425	0	0	0.0	0	0:00:00.172701
3430	8	8	1.27	1	0:00:00.172693
3435	6	6	1.94	1	0:00:00.172427
3440	2	3	0.442	0	0:00:00.172244
3445	0	0	1.94	1	0:00:00.170335
3450	9	3	0.334	0	0:00:00.172758
3455	6	6	1.12	1	0:00:00.172657
3460	1	1	1.62	1	0:00:00.172646
3465	6	6	0.856	1	0:00:00.173206
3470	7	7	0.647	1	0:00:00.172310
3475	0	0	0.448	1	0:00:00.172693
3480	2	2	1.25	1	0:00:00.172545
3485	1	1	1.1	1	0:00:00.172805
3490	0	8	1.53	0	0:00:00.172879
3495	2	2	0.179	1	0:00:00.172927
3500	1	1	0.279	1	0:00:00.172805
3505	4	4	0.155	1	0:00:00.172865
3510	4	4	0.18	1	0:00:00.172595
3515	8	8	1.57	1	0:00:00.172924
3520	1	1	1.75	1	0:00:00.172989
3525	2	3	0.0	0	0:00:00.172575
3530	6	6	1.94	1	0:00:00.173331
3535	5	5	0.055	1	0:00:00.175051
3540	6	6	0.635	1	0:00:00.173274
3545	4	4	1.32	1	0:00:00.171647
3550	0	4	0.0783	0	0:00:00.169554
3555	6	4	0.0	0	0:00:00.173090
3560	1	9	0.0	0	0:00:00.172516
3565	1	1	1.53	1	0:00:00.172607
3570	3	3	0.506	1	0:00:00.173236
3575	3	3	0.228	1	0:00:00.172685
3580	4	4	0.00642	1	0:00:00.172289
3585	8	8	1.75	1	0:00:00.172688
3590	7	7	1.94	1	0:00:00.170257
3595	2	4	0.172	0	0:00:00.173112
3600	4	2	0.63	0	0:00:00.173136
3605	6	4	0.0682	0	0:00:00.172848
3610	5	3	0.119	0	0:00:00.172695
3615	6	2	0.563	0	0:00:00.173507
3620	0	0	0.0	0	0:00:00.172463
3625	8	8	0.517	1	0:00:00.172754
3630	8	8	1.68	1	0:00:00.172859
3635	4	4	0.294	1	0:00:00.172789
3640	6	2	0.0	0	0:00:00.172393
3645	1	9	0.624	0	0:00:00.173086
3650	0	0	1.94	1	0:00:00.172801
3655	9	9	1.09	1	0:00:00.172833
3660	0	0	0.745	1	0:00:00.172484
3665	7	7	0.405	1	0:00:00.172996
3670	9	9	0.346	1	0:00:00.174934
3675	4	4	1.94	1	0:00:00.172768
3680	0	2	0.0	0	0:00:00.170482
3685	2	2	0.795	1	0:00:00.172781
3690	9	9	1.48	1	0:00:00.173054
3695	8	8	1.94	1	0:00:00.173140
3700	3	3	0.682	1	0:00:00.172915
3705	8	8	1.07	1	0:00:00.173365
3710	2	4	0.289	0	0:00:00.172590
3715	1	1	0.184	1	0:00:00.172972
3720	2	2	1.33	1	0:00:00.172923
3725	2	2	0.0	0	0:00:00.174936
3730	1	1	1.22	1	0:00:00.172732
3735	5	4	0.0	0	0:00:00.170689
3740	0	0	1.12	1	0:00:00.173353
3745	1	1	1.94	1	0:00:00.170517
3750	9	9	0.0	0	0:00:00.172135
3755	9	3	0.0191	0	0:00:00.172977
3760	7	7	1.57	1	0:00:00.172410
3765	0	8	0.236	0	0:00:00.172127
3770	9	9	0.45	1	0:00:00.173404
3775	6	6	1.24	1	0:00:00.173096
3780	4	4	0.463	1	0:00:00.172362
3785	6	6	0.305	1	0:00:00.172388
3790	4	4	0.12	1	0:00:00.172869
3795	7	7	0.398	1	0:00:00.172496
3800	9	9	0.593	1	0:00:00.172833
3805	9	9	1.94	1	0:00:00.172752
3810	3	3	0.24	1	0:00:00.173203
3815	2	4	0.0345	0	0:00:00.172294
3820	0	0	0.307	1	0:00:00.173041
3825	0	0	1.94	1	0:00:00.172172
3830	5	3	0.348	0	0:00:00.172369
3835	3	5	0.426	0	0:00:00.172662
3840	6	6	0.0	0	0:00:00.172467
3845	0	0	1.1	1	0:00:00.172828
3850	9	9	0.433	1	0:00:00.173335
3855	1	1	1.41	1	0:00:00.172903
3860	7	7	1.94	1	0:00:00.173040
3865	7	7	1.4	1	0:00:00.172817
3870	8	8	0.0	0	0:00:00.174776
3875	2	2	0.921	1	0:00:00.172441
3880	6	4	0.0	0	0:00:00.171175
3885	6	6	0.182	1	0:00:00.172160
3890	7	7	0.684	1	0:00:00.170446
3895	1	1	0.422	1	0:00:00.172436
3900	3	6	0.304	0	0:00:00.172356
3905	2	2	0.986	1	0:00:00.172832
3910	4	2	0.0655	0	0:00:00.171012
3915	4	2	0.0	0	0:00:00.172360
3920	7	7	0.0	0	0:00:00.172248
3925	1	1	1.27	1	0:00:00.172382
3930	1	1	0.873	1	0:00:00.172455
3935	4	4	0.0701	1	0:00:00.172577
3940	6	7	0.0	0	0:00:00.170132
3945	5	5	0.0842	1	0:00:00.170588
3950	8	8	0.765	1	0:00:00.172447
3955	0	0	1.33	1	0:00:00.172379
3960	2	2	0.935	1	0:00:00.172884
3965	0	0	1.22	1	0:00:00.172504
3970	9	3	0.0	0	0:00:00.173133
3975	7	7	1.06	1	0:00:00.173599
3980	9	9	0.0	0	0:00:00.172248
3985	7	7	1.0	1	0:00:00.173015
3990	4	4	0.148	1	0:00:00.173093
3995	7	5	0.0	0	0:00:00.173490
4000	8	0	0.086	0	0:00:00.173468
4005	5	5	0.0273	1	0:00:00.172653
4010	7	7	0.396	1	0:00:00.172698
4015	1	1	1.16	1	0:00:00.172548
4020	8	8	0.975	1	0:00:00.172659
4025	1	1	0.743	1	0:00:00.172993
4030	1	1	0.684	1	0:00:00.172674
4035	2	2	0.938	1	0:00:00.172368
4040	0	0	1.53	1	0:00:00.173015
4045	7	7	0.954	1	0:00:00.172949
4050	3	2	0.0	0	0:00:00.175060
4055	1	1	0.0	0	0:00:00.172855
4060	6	6	0.491	1	0:00:00.172853
4065	4	4	0.206	1	0:00:00.173295
4070	9	9	0.846	1	0:00:00.172822
4075	2	2	0.934	1	0:00:00.172805
4080	1	1	1.12	1	0:00:00.173148
4085	8	8	0.001	1	0:00:00.171577
4090	4	2	0.0817	0	0:00:00.171769
4095	8	6	0.0	0	0:00:00.170941
4100	7	7	1.94	1	0:00:00.171531
4105	7	7	1.33	1	0:00:00.171668
4110	2	2	0.818	1	0:00:00.171380
4115	8	8	1.15	1	0:00:00.171316
4120	4	4	0.997	1	0:00:00.171181
4125	8	0	0.0	0	0:00:00.171621
4130	6	6	1.01	1	0:00:00.170918
4135	1	2	0.0	0	0:00:00.170655
4140	5	5	1.62	1	0:00:00.170934
4145	8	8	1.75	1	0:00:00.170991
4150	6	6	0.813	1	0:00:00.171051
4155	3	3	0.873	1	0:00:00.171437
4160	5	5	0.685	1	0:00:00.171383
4165	8	8	0.355	1	0:00:00.171336
4170	1	4	0.0363	0	0:00:00.173072
4175	3	6	0.001	0	0:00:00.171471
4180	0	8	0.0538	0	0:00:00.170382
4185	7	7	1.19	1	0:00:00.171882
4190	3	7	0.097	0	0:00:00.171513
4195	3	3	1.94	1	0:00:00.173155
4200	4	4	0.401	1	0:00:00.173796
4205	4	4	0.355	1	0:00:00.171788
4210	3	3	0.317	1	0:00:00.171938
4215	1	1	0.51	1	0:00:00.172237
4220	4	0	0.747	0	0:00:00.172331
4225	5	5	1.08	1	0:00:00.172006
4230	6	6	0.039	1	0:00:00.169899
4235	9	9	1.75	1	0:00:00.171051
4240	7	0	0.0	0	0:00:00.171299
4245	1	1	1.04	1	0:00:00.171518
4250	1	6	0.0209	0	0:00:00.171117
4255	9	9	0.532	1	0:00:00.170811
4260	8	8	1.16	1	0:00:00.174055
4265	6	6	0.44	1	0:00:00.172223
4270	0	0	0.493	1	0:00:00.171805
4275	5	3	0.126	0	0:00:00.171859
4280	8	0	0.178	0	0:00:00.172362
4285	1	1	0.345	1	0:00:00.172241
4290	2	2	0.158	1	0:00:00.172142
4295	0	0	1.63	1	0:00:00.172353
4300	8	8	0.959	1	0:00:00.172510
4305	0	0	1.94	1	0:00:00.172003
4310	4	7	0.177	0	0:00:00.169838
4315	6	0	0.0	0	0:00:00.171287
4320	1	1	0.0	0	0:00:00.171180
4325	6	6	0.551	1	0:00:00.171436
4330	9	9	1.94	1	0:00:00.173571
4335	9	9	0.659	1	0:00:00.172216
4340	0	0	0.985	1	0:00:00.170306
4345	6	6	0.0	0	0:00:00.171052
4350	4	4	0.601	1	0:00:00.171173
4355	0	3	0.0989	0	0:00:00.170720
4360	6	6	0.618	1	0:00:00.171907
4365	9	9	0.975	1	0:00:00.171249
4370	8	8	1.94	1	0:00:00.172025
4375	3	3	0.0363	1	0:00:00.171261
4380	9	9	0.174	1	0:00:00.173903
4385	8	8	0.283	1	0:00:00.172015
4390	5	5	1.7	1	0:00:00.172132
4395	7	7	1.94	1	0:00:00.172194
4400	3	4	0.0	0	0:00:00.172285
4405	6	6	0.912	1	0:00:00.171811
4410	9	9	0.946	1	0:00:00.172179
4415	0	0	1.07	1	0:00:00.169940
4420	5	5	0.0802	1	0:00:00.171337
4425	1	1	1.53	1	0:00:00.171144
4430	1	1	1.15	1	0:00:00.171130
4435	3	3	0.425	1	0:00:00.171590
4440	2	2	0.376	1	0:00:00.172029
4445	9	9	0.306	1	0:00:00.170862
4450	0	0	0.157	1	0:00:00.170769
4455	8	8	1.75	1	0:00:00.171319
4460	9	9	1.04	1	0:00:00.171613
4465	6	6	0.125	1	0:00:00.170510
4470	0	0	0.49	1	0:00:00.171472
4475	1	1	0.889	1	0:00:00.171902
4480	9	9	1.75	1	0:00:00.170818
4485	3	7	0.395	0	0:00:00.170849
4490	0	0	0.641	1	0:00:00.173612
4495	3	3	0.609	1	0:00:00.172766
4500	3	5	0.307	0	0:00:00.171978
4505	4	4	1.54	1	0:00:00.172415
4510	0	0	0.875	1	0:00:00.171894
4515	0	0	1.68	1	0:00:00.172153
4520	3	3	0.124	1	0:00:00.169747
4525	0	0	0.395	1	0:00:00.171441
4530	5	3	0.263	0	0:00:00.171387
4535	2	2	0.841	1	0:00:00.171336
4540	9	9	1.43	1	0:00:00.173042
4545	3	3	0.398	1	0:00:00.172266
4550	9	3	0.273	0	0:00:00.172599
4555	5	3	0.0	0	0:00:00.171975
4560	1	1	1.1	1	0:00:00.169782
4565	2	4	0.847	0	0:00:00.171401
4570	9	9	0.396	1	0:00:00.171084
4575	6	6	0.711	1	0:00:00.171858
4580	6	4	0.128	0	0:00:00.171301
4585	8	0	0.0	0	0:00:00.171944
4590	9	2	0.344	0	0:00:00.171780
4595	9	1	0.0	0	0:00:00.171192
4600	4	4	0.635	1	0:00:00.170982
4605	3	3	0.555	1	0:00:00.171594
4610	6	3	0.0463	0	0:00:00.171437
4615	5	4	0.248	0	0:00:00.172928
4620	7	7	0.231	1	0:00:00.171926
4625	4	4	0.0	0	0:00:00.172352
4630	2	2	0.0756	1	0:00:00.169459
4635	7	7	0.442	1	0:00:00.173170
4640	2	2	0.649	1	0:00:00.166990
4645	4	4	0.263	1	0:00:00.171423
4650	6	6	0.388	1	0:00:00.171800
4655	7	5	0.566	0	0:00:00.171098
4660	7	7	0.0687	1	0:00:00.171556
4665	3	5	0.0701	0	0:00:00.173145
4670	8	8	1.24	1	0:00:00.171272
4675	4	4	0.824	1	0:00:00.172408
4680	9	9	0.478	1	0:00:00.171365
4685	4	4	0.127	1	0:00:00.171075
4690	2	2	0.0382	1	0:00:00.171108
4695	8	8	1.27	1	0:00:00.173826
4700	6	1	0.0	0	0:00:00.171569
4705	3	5	0.139	0	0:00:00.169935
4710	3	3	0.02	1	0:00:00.170806
4715	9	9	0.581	1	0:00:00.171859
4720	8	8	0.329	1	0:00:00.170782
4725	9	9	1.55	1	0:00:00.171385
4730	2	4	0.0799	0	0:00:00.171472
4735	8	8	0.581	1	0:00:00.170808
4740	5	3	0.474	0	0:00:00.171156
4745	7	0	0.0581	0	0:00:00.171242
4750	7	9	0.00732	0	0:00:00.171803
4755	1	1	0.542	1	0:00:00.171304
4760	3	2	0.163	0	0:00:00.171285
4765	3	3	0.0456	1	0:00:00.173169
4770	9	9	0.123	1	0:00:00.172622
4775	2	3	0.404	0	0:00:00.169923
4780	0	0	0.739	1	0:00:00.171446
4785	3	3	0.607	1	0:00:00.169072
4790	1	9	0.221	0	0:00:00.170912
4795	5	3	0.538	0	0:00:00.173731
4800	9	9	1.94	1	0:00:00.171214
4805	5	3	0.503	0	0:00:00.172057
4810	5	5	1.11	1	0:00:00.170701
4815	9	9	0.594	1	0:00:00.169303
4820	3	3	0.127	1	0:00:00.171684
4825	7	6	0.0	0	0:00:00.170983
4830	3	6	0.0	0	0:00:00.171518
4835	9	9	1.75	1	0:00:00.171607
4840	0	0	1.94	1	0:00:00.171520
4845	3	3	0.376	1	0:00:00.171718
4850	1	9	0.154	0	0:00:00.170929
4855	1	1	1.1	1	0:00:00.168894
4860	5	5	0.966	1	0:00:00.173050
4865	8	9	0.277	0	0:00:00.171882
4870	8	8	0.312	1	0:00:00.171463
4875	1	1	1.32	1	0:00:00.170904
4880	0	7	0.0	0	0:00:00.171622
4885	2	2	0.541	1	0:00:00.173574
4890	1	1	1.01	1	0:00:00.170896
4895	1	1	0.725	1	0:00:00.171448
4900	3	6	0.0399	0	0:00:00.168982
4905	7	7	1.94	1	0:00:00.171597
4910	8	8	0.0765	1	0:00:00.171132
4915	5	5	1.68	1	0:00:00.171465
4920	7	7	1.06	1	0:00:00.171095
4925	5	3	0.481	0	0:00:00.171042
4930	1	1	0.263	1	0:00:00.170852
4935	5	5	1.05	1	0:00:00.171253
4940	6	6	0.383	1	0:00:00.170927
4945	9	1	0.226	0	0:00:00.171237
4950	2	2	1.4	1	0:00:00.171482
4955	2	8	0.147	0	0:00:00.171219
4960	4	4	0.049	1	0:00:00.171384
4965	3	4	0.0	0	0:00:00.171789
4970	2	3	0.0445	0	0:00:00.171147
4975	3	3	0.658	1	0:00:00.171103
4980	1	9	0.661	0	0:00:00.171309
4985	4	2	0.0	0	0:00:00.171268
4990	7	5	0.322	0	0:00:00.171317
4995	2	3	0.0136	0	0:00:00.168554
5000	7	7	1.94	1	0:00:00.171042
5005	5	5	0.157	1	0:00:00.171204
5010	7	7	1.53	1	0:00:00.171344
5015	2	2	1.15	1	0:00:00.172172
5020	8	8	1.37	1	0:00:00.171374
5025	5	5	0.136	1	0:00:00.171496
5030	4	4	1.02	1	0:00:00.171705
5035	5	5	1.38	1	0:00:00.171141
5040	3	3	0.406	1	0:00:00.171074
5045	7	7	0.884	1	0:00:00.171334
5050	3	6	0.02	0	0:00:00.171749
5055	0	0	1.94	1	0:00:00.171496
5060	6	6	0.226	1	0:00:00.171245
5065	0	0	0.862	1	0:00:00.171138
5070	7	3	0.0	0	0:00:00.171163
5075	6	5	0.0	0	0:00:00.170915
5080	7	7	0.847	1	0:00:00.170805
5085	2	2	0.0	0	0:00:00.171182
5090	1	1	0.754	1	0:00:00.170956
5095	8	8	0.457	1	0:00:00.171285
5100	3	3	1.3	1	0:00:00.171202
5105	7	7	0.625	1	0:00:00.171502
5110	8	8	0.85	1	0:00:00.171798
5115	5	5	0.576	1	0:00:00.171744
5120	9	9	0.451	1	0:00:00.171459
5125	1	1	0.883	1	0:00:00.171405
5130	5	8	0.0218	0	0:00:00.171926
5135	1	1	1.28	1	0:00:00.173896
5140	8	8	1.12	1	0:00:00.171581
5145	4	4	0.899	1	0:00:00.169633
5150	4	4	0.0701	1	0:00:00.171270
5155	3	5	0.784	0	0:00:00.173872
5160	0	0	0.632	1	0:00:00.171278
5165	2	2	0.605	1	0:00:00.171379
5170	9	9	1.94	1	0:00:00.171209
5175	6	6	0.985	1	0:00:00.171116
5180	9	7	0.156	0	0:00:00.169081
5185	3	3	0.0481	1	0:00:00.171119
5190	0	0	0.668	1	0:00:00.170721
5195	4	7	0.214	0	0:00:00.171214
5200	3	3	1.04	1	0:00:00.171517
5205	8	0	0.439	0	0:00:00.171535
5210	5	5	1.04	1	0:00:00.171284
5215	2	2	0.411	1	0:00:00.173808
5220	0	0	0.694	1	0:00:00.173556
5225	0	0	0.876	1	0:00:00.171176
5230	8	8	0.604	1	0:00:00.171902
5235	1	3	0.375	0	0:00:00.171223
5240	1	9	0.212	0	0:00:00.171835
5245	1	1	1.45	1	0:00:00.173652
5250	7	7	0.567	1	0:00:00.171919
5255	0	0	1.16	1	0:00:00.171902
5260	0	0	1.75	1	0:00:00.172065
5265	2	2	0.58	1	0:00:00.172187
5270	1	1	0.0701	1	0:00:00.172202
5275	2	2	0.279	1	0:00:00.172019
5280	0	8	0.254	0	0:00:00.171905
5285	1	1	0.314	1	0:00:00.170012
5290	3	7	0.0399	0	0:00:00.173520
5295	0	0	0.601	1	0:00:00.172949
5300	9	9	1.09	1	0:00:00.172655
5305	7	2	0.0499	0	0:00:00.172064
5310	0	0	0.777	1	0:00:00.172590
5315	9	9	1.94	1	0:00:00.172135
5320	7	7	1.38	1	0:00:00.171757
5325	8	8	0.376	1	0:00:00.169555
5330	7	7	0.19	1	0:00:00.171137
5335	9	1	0.224	0	0:00:00.169234
5340	3	4	0.302	0	0:00:00.171458
5345	4	4	0.101	1	0:00:00.171221
5350	9	9	1.48	1	0:00:00.170696
5355	8	8	1.06	1	0:00:00.170936
5360	9	9	1.24	1	0:00:00.171242
5365	8	8	0.265	1	0:00:00.171256
5370	6	6	0.493	1	0:00:00.172057
5375	1	1	0.0336	1	0:00:00.171168
5380	1	9	0.614	0	0:00:00.171442
5385	2	3	0.138	0	0:00:00.171282
5390	1	1	1.4	1	0:00:00.172894
5395	0	0	0.863	1	0:00:00.171849
5400	9	9	1.04	1	0:00:00.171235
5405	2	0	1.22	0	0:00:00.171690
5410	3	5	0.304	0	0:00:00.171060
5415	4	4	0.127	1	0:00:00.173140
5420	6	6	0.919	1	0:00:00.172432
5425	6	6	0.0655	1	0:00:00.172321
5430	7	7	0.866	1	0:00:00.170146
5435	7	4	0.352	0	0:00:00.173737
5440	9	9	1.94	1	0:00:00.171911
5445	7	7	0.98	1	0:00:00.172169
5450	5	3	0.175	0	0:00:00.172727
5455	9	1	0.214	0	0:00:00.172274
5460	0	0	0.663	1	0:00:00.172475
5465	7	7	0.199	1	0:00:00.172126
5470	1	1	1.48	1	0:00:00.169824
5475	0	0	1.94	1	0:00:00.170798
5480	1	1	0.762	1	0:00:00.171826
5485	8	8	1.94	1	0:00:00.171116
5490	3	3	0.302	1	0:00:00.171517
5495	4	4	0.443	1	0:00:00.171244
5500	8	8	0.627	1	0:00:00.170352
5505	4	4	0.714	1	0:00:00.173508
5510	4	4	0.0	0	0:00:00.172148
5515	4	8	0.0317	0	0:00:00.171911
5520	4	4	0.185	1	0:00:00.172562
5525	3	3	0.358	1	0:00:00.172171
5530	3	3	0.0	0	0:00:00.172350
5535	3	3	0.902	1	0:00:00.172408
5540	5	6	0.0	0	0:00:00.172312
5545	6	6	1.2	1	0:00:00.172161
5550	5	5	0.44	1	0:00:00.172070
5555	4	2	0.0	0	0:00:00.171853
5560	3	5	0.0	0	0:00:00.171875
5565	3	4	0.358	0	0:00:00.172568
5570	5	5	0.79	1	0:00:00.172472
5575	3	5	0.413	0	0:00:00.170227
5580	5	3	0.041	0	0:00:00.173946
5585	0	0	1.94	1	0:00:00.171673
5590	4	2	0.128	0	0:00:00.172621
5595	6	4	0.23	0	0:00:00.172493
5600	6	5	0.0	0	0:00:00.172259
5605	3	3	0.22	1	0:00:00.172502
5610	8	0	0.273	0	0:00:00.172498
5615	5	5	0.169	1	0:00:00.171988
5620	3	3	0.0299	1	0:00:00.172205
5625	5	5	0.658	1	0:00:00.172525
5630	3	4	0.0	0	0:00:00.172319
5635	7	7	0.923	1	0:00:00.172405
5640	2	9	0.0	0	0:00:00.172065
5645	5	5	0.141	1	0:00:00.172630
5650	5	5	0.137	1	0:00:00.171843
5655	3	1	0.128	0	0:00:00.171973
5660	9	9	0.341	1	0:00:00.172276
5665	2	0	0.685	0	0:00:00.171906
5670	4	6	0.0673	0	0:00:00.172453
5675	7	7	1.11	1	0:00:00.172745
5680	2	3	0.0417	0	0:00:00.171978
5685	1	1	1.7	1	0:00:00.172191
5690	7	3	0.0472	0	0:00:00.172126
5695	7	7	0.973	1	0:00:00.172543
5700	3	5	0.0	0	0:00:00.172389
5705	2	2	0.676	1	0:00:00.171798
5710	6	6	0.0164	1	0:00:00.172399
5715	6	6	1.05	1	0:00:00.172571
5720	9	9	0.993	1	0:00:00.172282
5725	5	3	0.528	0	0:00:00.171859
5730	5	9	0.0	0	0:00:00.172168
5735	0	0	1.24	1	0:00:00.172822
5740	6	4	0.0817	0	0:00:00.172087
5745	5	5	0.369	1	0:00:00.171912
5750	6	6	0.0246	1	0:00:00.172395
5755	4	4	0.424	1	0:00:00.172546
5760	2	2	0.247	1	0:00:00.172623
5765	9	9	0.875	1	0:00:00.172117
5770	8	8	1.22	1	0:00:00.172482
5775	7	7	0.00642	1	0:00:00.172051
5780	7	7	1.94	1	0:00:00.172306
5785	2	2	1.37	1	0:00:00.172599
5790	9	9	1.7	1	0:00:00.171707
5795	7	4	0.0445	0	0:00:00.172660
5800	2	2	0.647	1	0:00:00.172196
5805	1	1	0.546	1	0:00:00.172275
5810	5	5	1.02	1	0:00:00.172346
5815	3	3	0.875	1	0:00:00.172527
5820	5	5	0.329	1	0:00:00.172399
5825	3	6	0.8	0	0:00:00.172521
5830	5	6	0.636	0	0:00:00.171969
5835	3	5	0.294	0	0:00:00.171994
5840	2	2	0.0	0	0:00:00.172658
5845	5	5	1.94	1	0:00:00.171527
5850	6	4	0.292	0	0:00:00.172353
5855	7	2	0.294	0	0:00:00.172309
5860	0	0	0.819	1	0:00:00.172355
5865	6	6	0.425	1	0:00:00.171734
5870	7	4	0.215	0	0:00:00.172216
5875	1	1	1.94	1	0:00:00.172479
5880	0	0	1.13	1	0:00:00.171954
5885	4	4	0.837	1	0:00:00.172240
5890	3	3	0.0	0	0:00:00.171707
5895	6	6	1.48	1	0:00:00.171903
5900	4	3	0.0733	0	0:00:00.170117
5905	1	1	1.53	1	0:00:00.173396
5910	2	5	0.122	0	0:00:00.172272
5915	5	3	0.477	0	0:00:00.172284
5920	8	8	1.94	1	0:00:00.171847
5925	3	6	0.0	0	0:00:00.171849
5930	5	2	0.0	0	0:00:00.172518
5935	6	6	0.874	1	0:00:00.171849
5940	7	7	0.123	1	0:00:00.172572
5945	9	9	1.02	1	0:00:00.171875
5950	9	9	0.646	1	0:00:00.172354
5955	5	4	0.12	0	0:00:00.172524
5960	2	6	0.0824	0	0:00:00.172525
5965	7	7	1.15	1	0:00:00.172400
5970	1	1	1.24	1	0:00:00.172157
5975	9	9	1.05	1	0:00:00.172570
5980	9	9	1.94	1	0:00:00.177512
5985	4	4	0.563	1	0:00:00.175990
5990	8	8	0.121	1	0:00:00.174976
5995	0	0	0.758	1	0:00:00.174681
6000	8	8	0.457	1	0:00:00.174934
6005	4	4	0.671	1	0:00:00.175392
6010	1	2	0.196	0	0:00:00.174774
6015	0	0	0.337	1	0:00:00.174664
6020	6	6	1.04	1	0:00:00.174848
6025	6	6	0.279	1	0:00:00.175078
6030	8	8	0.317	1	0:00:00.174546
6035	5	3	0.679	0	0:00:00.174465
6040	2	7	0.0591	0	0:00:00.175020
6045	8	8	1.94	1	0:00:00.175656
6050	2	6	0.23	0	0:00:00.174980
6055	0	0	0.0408	1	0:00:00.175622
6060	3	3	0.0	0	0:00:00.176575
6065	5	5	0.0	0	0:00:00.173662
6070	8	9	0.136	0	0:00:00.174943
6075	3	3	0.497	1	0:00:00.174392
6080	1	1	0.537	1	0:00:00.174792
6085	2	6	0.0475	0	0:00:00.174068
6090	1	1	1.11	1	0:00:00.174771
6095	9	9	0.371	1	0:00:00.174498
6100	1	1	1.19	1	0:00:00.174703
6105	0	0	1.94	1	0:00:00.173424
6110	9	9	1.94	1	0:00:00.174178
6115	8	8	1.1	1	0:00:00.171489
6120	5	5	0.674	1	0:00:00.171731
6125	8	8	1.33	1	0:00:00.171810
6130	1	1	0.425	1	0:00:00.170959
6135	3	3	0.132	1	0:00:00.173351
6140	9	9	1.32	1	0:00:00.171403
6145	2	3	0.652	0	0:00:00.171822
6150	1	1	0.748	1	0:00:00.173915
6155	8	8	1.07	1	0:00:00.173861
6160	2	2	0.673	1	0:00:00.175153
6165	5	5	0.0	0	0:00:00.173090
6170	2	3	0.0426	0	0:00:00.173359
6175	3	3	0.355	1	0:00:00.173104
6180	0	0	0.518	1	0:00:00.173396
6185	5	3	0.594	0	0:00:00.172863
6190	4	4	0.459	1	0:00:00.172785
6195	1	1	0.0	0	0:00:00.172728
6200	3	3	0.271	1	0:00:00.173367
6205	1	1	0.866	1	0:00:00.171684
6210	4	5	0.0793	0	0:00:00.173846
6215	2	2	0.0821	1	0:00:00.172021
6220	2	5	0.0209	0	0:00:00.171717
6225	3	3	0.383	1	0:00:00.171578
6230	2	2	0.308	1	0:00:00.171675
6235	6	6	0.867	1	0:00:00.171230
6240	2	2	0.165	1	0:00:00.171447
6245	6	6	1.3	1	0:00:00.171562
6250	4	7	0.398	0	0:00:00.173164
6255	6	6	0.63	1	0:00:00.171454
6260	2	1	0.0	0	0:00:00.171733
6265	4	4	1.29	1	0:00:00.172081
6270	2	6	0.188	0	0:00:00.171676
6275	9	9	0.0545	1	0:00:00.171168
6280	8	5	0.0867	0	0:00:00.171685
6285	8	0	0.0345	0	0:00:00.171749
6290	9	1	0.291	0	0:00:00.171129
6295	8	8	0.996	1	0:00:00.174084
6300	1	1	0.543	1	0:00:00.170810
6305	6	6	0.259	1	0:00:00.172194
6310	5	5	1.75	1	0:00:00.171350
6315	6	5	0.144	0	0:00:00.171052
6320	0	0	1.02	1	0:00:00.171016
6325	7	7	1.94	1	0:00:00.171451
6330	6	6	0.753	1	0:00:00.173454
6335	2	2	0.889	1	0:00:00.171934
6340	3	3	0.0664	1	0:00:00.171594
6345	3	6	0.0363	0	0:00:00.173149
6350	0	0	1.94	1	0:00:00.171559
6355	0	0	1.15	1	0:00:00.171396
6360	2	2	0.197	1	0:00:00.171429
6365	7	7	0.186	1	0:00:00.174006
6370	6	3	0.332	0	0:00:00.172198
6375	3	2	0.0	0	0:00:00.171545
6380	3	3	0.0	0	0:00:00.171855
6385	5	5	0.0	0	0:00:00.171534
6390	7	7	1.94	1	0:00:00.171857
6395	8	8	0.784	1	0:00:00.173624
6400	0	0	0.286	1	0:00:00.171941
6405	1	1	0.0494	1	0:00:00.171592
6410	1	1	1.94	1	0:00:00.171428
6415	1	1	0.636	1	0:00:00.171669
6420	7	7	1.68	1	0:00:00.171825
6425	2	2	0.424	1	0:00:00.171373
6430	1	1	0.0	0	0:00:00.171727
6435	9	9	0.804	1	0:00:00.173558
6440	3	3	0.0	0	0:00:00.171188
6445	1	1	1.1	1	0:00:00.171715
6450	0	0	1.2	1	0:00:00.171795
6455	6	6	0.818	1	0:00:00.171834
6460	3	3	0.165	1	0:00:00.171843
6465	3	3	1.07	1	0:00:00.171281
6470	1	9	0.277	0	0:00:00.170841
6475	2	2	0.34	1	0:00:00.173541
6480	0	0	0.696	1	0:00:00.171650
6485	9	9	1.75	1	0:00:00.171238
6490	8	9	0.292	0	0:00:00.173589
6495	7	7	0.826	1	0:00:00.171267
6500	7	6	0.0	0	0:00:00.171453
6505	4	4	0.00822	1	0:00:00.171501
6510	4	3	0.405	0	0:00:00.171782
6515	2	2	0.201	1	0:00:00.171487
6520	6	6	0.0	0	0:00:00.171152
6525	3	3	0.473	1	0:00:00.171363
6530	3	3	0.201	1	0:00:00.171523
6535	5	5	0.698	1	0:00:00.172250
6540	8	8	1.18	1	0:00:00.173948
6545	9	0	0.798	0	0:00:00.171111
6550	1	1	1.41	1	0:00:00.170915
6555	1	1	1.75	1	0:00:00.171434
6560	6	6	0.525	1	0:00:00.171391
6565	9	9	0.174	1	0:00:00.171672
6570	9	5	0.0	0	0:00:00.171679
6575	3	3	0.331	1	0:00:00.171421
6580	1	1	0.0	0	0:00:00.173630
6585	1	1	1.32	1	0:00:00.171396
6590	5	5	0.343	1	0:00:00.171676
6595	2	2	0.205	1	0:00:00.171716
6600	7	7	1.94	1	0:00:00.171054
6605	6	6	0.579	1	0:00:00.171403
6610	8	8	1.01	1	0:00:00.171920
6615	7	7	0.822	1	0:00:00.171493
6620	7	7	1.25	1	0:00:00.173833
6625	4	4	0.0692	1	0:00:00.170829
6630	7	7	0.643	1	0:00:00.171588
6635	6	6	0.292	1	0:00:00.173145
6640	5	3	1.63	0	0:00:00.172187
6645	6	3	0.0692	0	0:00:00.170899
6650	0	0	1.12	1	0:00:00.171760
6655	1	1	0.56	1	0:00:00.171775
6660	0	0	0.795	1	0:00:00.171491
6665	4	5	0.0	0	0:00:00.173356
6670	3	3	0.0	0	0:00:00.173810
6675	2	2	1.94	1	0:00:00.171469
6680	3	5	0.119	0	0:00:00.169249
6685	1	1	0.0784	1	0:00:00.171281
6690	5	5	0.518	1	0:00:00.172055
6695	4	4	0.133	1	0:00:00.171858
6700	6	6	0.869	1	0:00:00.171281
6705	3	2	0.0	0	0:00:00.171361
6710	3	3	0.92	1	0:00:00.171493
6715	2	6	0.0245	0	0:00:00.171417
6720	2	2	0.358	1	0:00:00.173684
6725	8	8	1.94	1	0:00:00.173448
6730	8	8	0.899	1	0:00:00.171564
6735	9	9	0.512	1	0:00:00.171390
6740	2	2	0.159	1	0:00:00.171246
6745	7	7	0.817	1	0:00:00.171661
6750	4	3	0.517	0	0:00:00.171127
6755	9	9	0.706	1	0:00:00.171606
6760	5	5	0.376	1	0:00:00.171288
6765	8	8	0.258	1	0:00:00.173870
6770	1	1	1.26	1	0:00:00.171516
6775	0	0	0.737	1	0:00:00.173896
6780	7	7	1.7	1	0:00:00.171099
6785	6	6	0.173	1	0:00:00.171985
6790	7	5	0.537	0	0:00:00.171487
6795	9	1	0.0	0	0:00:00.171499
6800	6	6	0.25	1	0:00:00.171917
6805	1	1	1.06	1	0:00:00.171538
6810	8	8	0.892	1	0:00:00.171112
6815	0	0	1.94	1	0:00:00.171344
6820	1	1	1.45	1	0:00:00.172411
6825	3	3	1.03	1	0:00:00.169266
6830	1	1	0.619	1	0:00:00.171829
6835	5	3	0.0787	0	0:00:00.171026
6840	9	9	1.12	1	0:00:00.171344
6845	2	2	0.0	0	0:00:00.171669
6850	6	6	0.876	1	0:00:00.171556
6855	4	6	0.1	0	0:00:00.171724
6860	0	0	0.715	1	0:00:00.172142
6865	3	3	0.0	0	0:00:00.171485
6870	7	7	0.511	1	0:00:00.173271
6875	5	5	1.25	1	0:00:00.171306
6880	2	2	1.16	1	0:00:00.171880
6885	0	0	1.7	1	0:00:00.172351
6890	5	5	0.171	1	0:00:00.172102
6895	2	2	0.804	1	0:00:00.171497
6900	3	3	1.24	1	0:00:00.173433
6905	2	2	0.308	1	0:00:00.171427
6910	7	7	0.522	1	0:00:00.173954
6915	1	1	0.713	1	0:00:00.171503
6920	5	2	0.0	0	0:00:00.173384
6925	2	2	1.63	1	0:00:00.171324
6930	2	0	0.465	0	0:00:00.171725
6935	7	7	0.927	1	0:00:00.171943
6940	1	1	1.94	1	0:00:00.171646
6945	5	5	0.909	1	0:00:00.171443
6950	8	0	0.409	0	0:00:00.171619
6955	7	7	1.01	1	0:00:00.171985
6960	9	9	0.105	1	0:00:00.172191
6965	6	3	0.451	0	0:00:00.176913
6970	0	5	0.171	0	0:00:00.172689
6975	8	1	0.582	0	0:00:00.170176
6980	0	0	0.0317	1	0:00:00.172163
6985	0	4	0.371	0	0:00:00.172484
6990	3	3	1.75	1	0:00:00.172417
6995	1	1	0.572	1	0:00:00.172719
7000	2	0	0.381	0	0:00:00.174180
7005	1	8	0.132	0	0:00:00.171998
7010	0	0	1.05	1	0:00:00.172585
7015	3	0	0.162	0	0:00:00.173356
7020	7	7	1.94	1	0:00:00.171646
7025	6	6	1.31	1	0:00:00.171543
7030	8	8	0.379	1	0:00:00.171556
7035	1	9	0.0	0	0:00:00.171236
7040	7	0	0.0	0	0:00:00.171452
7045	3	3	0.126	1	0:00:00.171260
7050	8	8	0.552	1	0:00:00.170869
7055	8	8	0.371	1	0:00:00.173641
7060	8	8	0.909	1	0:00:00.173397
7065	2	2	0.211	1	0:00:00.173065
7070	7	7	0.636	1	0:00:00.172050
7075	9	9	1.48	1	0:00:00.171952
7080	5	4	0.625	0	0:00:00.171888
7085	5	2	0.0	0	0:00:00.172040
7090	2	2	0.0812	1	0:00:00.172703
7095	4	4	0.0	0	0:00:00.172002
7100	9	3	1.0	0	0:00:00.172631
7105	3	3	0.815	1	0:00:00.172471
7110	3	5	0.243	0	0:00:00.172109
7115	0	0	1.94	1	0:00:00.172117
7120	7	7	0.677	1	0:00:00.172546
7125	5	5	0.796	1	0:00:00.172362
7130	6	6	0.914	1	0:00:00.171920
7135	4	4	0.907	1	0:00:00.172078
7140	4	7	0.0	0	0:00:00.171435
7145	3	3	0.692	1	0:00:00.172031
7150	3	0	0.232	0	0:00:00.171993
7155	9	9	0.831	1	0:00:00.171946
7160	5	5	0.778	1	0:00:00.172451
7165	0	0	0.27	1	0:00:00.172227
7170	9	9	1.31	1	0:00:00.172106
7175	7	7	0.209	1	0:00:00.171948
7180	6	6	0.549	1	0:00:00.171607
7185	8	8	0.387	1	0:00:00.172338
7190	2	2	0.456	1	0:00:00.171936
7195	7	2	0.23	0	0:00:00.172012
7200	4	6	0.0	0	0:00:00.171466
7205	6	2	0.302	0	0:00:00.172540
7210	3	6	0.0336	0	0:00:00.172789
7215	1	1	1.94	1	0:00:00.172124
7220	9	9	0.302	1	0:00:00.172282
7225	1	1	1.75	1	0:00:00.171638
7230	2	2	0.176	1	0:00:00.172668
7235	2	2	0.0	0	0:00:00.171943
7240	0	0	0.215	1	0:00:00.171874
7245	4	4	0.467	1	0:00:00.171585
7250	8	8	1.08	1	0:00:00.172057
7255	3	6	0.18	0	0:00:00.172425
7260	1	1	0.691	1	0:00:00.172449
7265	5	3	0.0	0	0:00:00.172106
7270	9	9	0.733	1	0:00:00.172119
7275	3	5	0.112	0	0:00:00.172147
7280	1	1	0.172	1	0:00:00.171931
7285	1	1	0.467	1	0:00:00.171904
7290	6	3	0.171	0	0:00:00.172185
7295	5	5	1.53	1	0:00:00.172259
7300	3	4	0.0417	0	0:00:00.171919
7305	6	6	0.107	1	0:00:00.172242
7310	3	5	0.618	0	0:00:00.172066
7315	0	0	0.188	1	0:00:00.172029
7320	8	0	0.0551	0	0:00:00.172231
7325	4	4	1.94	1	0:00:00.172104
7330	5	3	0.0895	0	0:00:00.172038
7335	4	4	1.94	1	0:00:00.172467
7340	2	4	0.252	0	0:00:00.172006
7345	6	6	1.38	1	0:00:00.172106
7350	9	9	0.27	1	0:00:00.171702
7355	7	7	1.43	1	0:00:00.172271
7360	2	7	0.0109	0	0:00:00.171813
7365	4	4	0.461	1	0:00:00.172632
7370	3	8	0.0326	0	0:00:00.171957
7375	2	9	0.0	0	0:00:00.172425
7380	7	7	1.15	1	0:00:00.172160
7385	9	9	1.94	1	0:00:00.171854
7390	6	9	0.0	0	0:00:00.172061
7395	2	2	0.0849	1	0:00:00.171990
7400	3	3	0.286	1	0:00:00.172782
7405	7	7	1.53	1	0:00:00.172595
7410	4	6	0.275	0	0:00:00.171923
7415	3	3	0.741	1	0:00:00.172122
7420	3	3	0.0719	1	0:00:00.171911
7425	2	6	0.01	0	0:00:00.172605
7430	2	2	0.182	1	0:00:00.172263
7435	7	4	0.0913	0	0:00:00.172034
7440	3	3	0.639	1	0:00:00.172094
7445	6	6	0.374	1	0:00:00.171806
7450	1	1	1.94	1	0:00:00.172184
7455	1	9	0.483	0	0:00:00.172262
7460	5	5	1.45	1	0:00:00.171970
7465	0	0	0.421	1	0:00:00.172377
7470	9	9	0.0	0	0:00:00.172029
7475	3	3	0.811	1	0:00:00.172208
7480	1	8	0.134	0	0:00:00.171782
7485	8	8	1.48	1	0:00:00.172129
7490	4	4	0.819	1	0:00:00.172166
7495	7	7	1.45	1	0:00:00.172291
7500	6	6	1.94	1	0:00:00.171815
7505	7	7	1.38	1	0:00:00.172245
7510	8	8	1.31	1	0:00:00.172130
7515	8	8	0.328	1	0:00:00.172315
7520	4	4	0.45	1	0:00:00.172364
7525	8	8	1.94	1	0:00:00.171868
7530	2	0	0.0	0	0:00:00.172106
7535	1	1	0.87	1	0:00:00.172404
7540	5	5	1.94	1	0:00:00.171689
7545	5	3	0.181	0	0:00:00.172352
7550	4	4	1.36	1	0:00:00.172135
7555	1	1	1.4	1	0:00:00.172170
7560	0	0	0.593	1	0:00:00.172468
7565	1	1	1.75	1	0:00:00.172328
7570	1	1	1.94	1	0:00:00.172050
7575	8	8	0.904	1	0:00:00.172560
7580	8	8	0.617	1	0:00:00.172220
7585	6	6	1.7	1	0:00:00.172140
7590	2	4	0.39	0	0:00:00.172422
7595	1	1	0.243	1	0:00:00.172230
7600	8	9	0.389	0	0:00:00.172356
7605	2	2	0.0	0	0:00:00.172120
7610	7	7	0.192	1	0:00:00.172693
7615	5	6	0.22	0	0:00:00.172083
7620	5	3	0.561	0	0:00:00.172222
7625	7	7	0.151	1	0:00:00.172014
7630	9	9	1.29	1	0:00:00.172466
7635	9	9	0.777	1	0:00:00.172121
7640	9	8	0.0709	0	0:00:00.172842
7645	0	0	0.696	1	0:00:00.171706
7650	2	2	0.172	1	0:00:00.172137
7655	8	8	0.288	1	0:00:00.171937
7660	7	7	0.256	1	0:00:00.172199
7665	9	9	0.445	1	0:00:00.172283
7670	2	2	0.197	1	0:00:00.172231
7675	8	3	0.208	0	0:00:00.172117
7680	3	5	0.0	0	0:00:00.172061
7685	9	9	0.213	1	0:00:00.171927
7690	6	6	1.3	1	0:00:00.172533
7695	8	8	0.855	1	0:00:00.172129
7700	6	6	1.4	1	0:00:00.172167
7705	7	4	0.182	0	0:00:00.172294
7710	9	9	1.21	1	0:00:00.172130
7715	1	1	1.75	1	0:00:00.171826
7720	5	5	0.487	1	0:00:00.172095
7725	4	4	0.482	1	0:00:00.172232
7730	4	5	0.0	0	0:00:00.171803
7735	4	3	0.0936	0	0:00:00.172126
7740	4	4	0.16	1	0:00:00.172274
7745	7	7	1.7	1	0:00:00.171778
7750	3	4	0.229	0	0:00:00.171688
7755	7	7	1.94	1	0:00:00.172642
7760	2	9	0.0655	0	0:00:00.171865
7765	8	8	1.75	1	0:00:00.172214
7770	9	9	1.94	1	0:00:00.172119
7775	2	2	0.0345	1	0:00:00.169810
7780	3	8	0.216	0	0:00:00.171377
7785	4	6	0.0	0	0:00:00.173043
7790	8	8	0.0281	1	0:00:00.172070
7795	5	3	0.0	0	0:00:00.172503
7800	0	0	0.927	1	0:00:00.172136
7805	9	9	0.269	1	0:00:00.171892
7810	6	6	1.22	1	0:00:00.171810
7815	0	0	0.121	1	0:00:00.172371
7820	5	3	0.0	0	0:00:00.171892
7825	3	3	1.41	1	0:00:00.172310
7830	2	9	0.125	0	0:00:00.171848
7835	0	0	1.94	1	0:00:00.169977
7840	1	1	1.94	1	0:00:00.171014
7845	2	2	0.832	1	0:00:00.171270
7850	0	0	0.259	1	0:00:00.171285
7855	2	2	0.667	1	0:00:00.171244
7860	8	8	0.6	1	0:00:00.171330
7865	3	3	0.375	1	0:00:00.171011
7870	6	6	0.856	1	0:00:00.170951
7875	2	2	0.297	1	0:00:00.171081
7880	0	0	0.33	1	0:00:00.171252
7885	3	3	0.406	1	0:00:00.171165
7890	6	6	0.809	1	0:00:00.171672
7895	4	6	0.0858	0	0:00:00.171306
7900	0	0	0.0254	1	0:00:00.171426
7905	3	3	0.406	1	0:00:00.171501
7910	3	5	0.0281	0	0:00:00.171182
7915	3	3	0.587	1	0:00:00.171589
7920	9	9	0.651	1	0:00:00.172808
7925	0	0	1.94	1	0:00:00.172455
7930	2	2	0.53	1	0:00:00.172335
7935	7	7	0.155	1	0:00:00.171777
7940	2	2	0.103	1	0:00:00.172116
7945	6	6	0.116	1	0:00:00.172147
7950	9	9	1.94	1	0:00:00.172557
7955	9	9	0.431	1	0:00:00.172268
7960	0	0	0.819	1	0:00:00.171582
7965	7	7	1.94	1	0:00:00.171875
7970	3	5	0.272	0	0:00:00.167464
7975	2	2	0.0	0	0:00:00.171238
7980	3	3	0.431	1	0:00:00.173586
7985	5	5	0.0	0	0:00:00.171229
7990	0	0	0.0858	1	0:00:00.171176
7995	8	8	1.29	1	0:00:00.171538
8000	9	9	1.33	1	0:00:00.171341
8005	1	1	1.94	1	0:00:00.173497
8010	2	5	0.0989	0	0:00:00.171704
8015	8	8	0.809	1	0:00:00.172194
8020	6	3	0.331	0	0:00:00.171726
8025	5	5	1.11	1	0:00:00.172377
8030	2	2	1.21	1	0:00:00.172238
8035	1	1	0.479	1	0:00:00.172005
8040	2	2	0.966	1	0:00:00.171618
8045	5	5	0.154	1	0:00:00.172273
8050	7	7	0.824	1	0:00:00.172124
8055	2	6	0.272	0	0:00:00.171988
8060	6	6	0.803	1	0:00:00.171912
8065	9	9	0.74	1	0:00:00.171676
8070	5	5	0.801	1	0:00:00.171820
8075	8	8	1.22	1	0:00:00.171517
8080	4	4	0.176	1	0:00:00.172178
8085	2	2	0.53	1	0:00:00.172158
8090	6	6	0.0	0	0:00:00.171977
8095	2	2	0.898	1	0:00:00.171802
8100	6	2	0.502	0	0:00:00.172438
8105	0	8	0.138	0	0:00:00.171760
8110	5	6	0.832	0	0:00:00.172156
8115	5	3	0.0299	0	0:00:00.172071
8120	8	8	0.174	1	0:00:00.172101
8125	8	8	0.397	1	0:00:00.170148
8130	6	6	0.178	1	0:00:00.171230
8135	7	3	0.0372	0	0:00:00.170904
8140	5	4	0.0	0	0:00:00.171497
8145	9	9	0.0	0	0:00:00.171378
8150	6	6	1.53	1	0:00:00.171788
8155	1	1	1.75	1	0:00:00.171161
8160	6	6	1.41	1	0:00:00.168643
8165	1	1	0.723	1	0:00:00.171370
8170	5	5	1.12	1	0:00:00.171034
8175	3	6	0.0	0	0:00:00.170891
8180	4	4	0.491	1	0:00:00.171252
8185	0	0	0.995	1	0:00:00.171157
8190	4	6	0.628	0	0:00:00.171571
8195	8	8	1.27	1	0:00:00.171187
8200	3	4	0.0154	0	0:00:00.171299
8205	2	2	0.469	1	0:00:00.171612
8210	0	0	1.94	1	0:00:00.170780
8215	1	1	1.17	1	0:00:00.171449
8220	6	6	0.0	0	0:00:00.173357
8225	9	9	0.498	1	0:00:00.170989
8230	0	0	1.09	1	0:00:00.171074
8235	7	7	1.94	1	0:00:00.171072
8240	7	7	1.94	1	0:00:00.171214
8245	3	3	0.125	1	0:00:00.171003
8250	6	6	0.897	1	0:00:00.171297
8255	9	9	1.05	1	0:00:00.171104
8260	1	1	1.94	1	0:00:00.171115
8265	0	0	1.23	1	0:00:00.085625
8270	6	6	1.06	1	0:00:00.083684
8275	3	7	0.0	0	0:00:00.083651
8280	4	5	0.0	0	0:00:00.083878
8285	9	9	0.711	1	0:00:00.084295
8290	8	0	0.1	0	0:00:00.083657
8295	3	3	0.24	1	0:00:00.083631
8300	5	2	0.0	0	0:00:00.083553
8305	4	6	0.0748	0	0:00:00.083629
8310	3	3	0.531	1	0:00:00.083729
8315	6	6	0.0793	1	0:00:00.083671
8320	7	7	0.403	1	0:00:00.083726
8325	8	0	0.318	0	0:00:00.083703
8330	5	5	0.798	1	0:00:00.083641
8335	7	3	0.0399	0	0:00:00.083575
8340	5	5	0.59	1	0:00:00.083687
8345	9	9	0.471	1	0:00:00.083648
8350	9	9	0.738	1	0:00:00.083680
8355	9	9	1.94	1	0:00:00.083636
8360	7	7	1.94	1	0:00:00.083622
8365	6	6	1.48	1	0:00:00.083728
8370	4	4	0.0507	1	0:00:00.083676
8375	4	3	0.0	0	0:00:00.083595
8380	9	9	1.57	1	0:00:00.083658
8385	9	1	0.129	0	0:00:00.083665
8390	1	1	1.7	1	0:00:00.083667
8395	1	1	0.14	1	0:00:00.083692
8400	0	0	0.264	1	0:00:00.083661
8405	0	2	0.0223	0	0:00:00.083644
8410	5	3	0.0281	0	0:00:00.083602
8415	0	0	0.947	1	0:00:00.083681
8420	3	6	0.368	0	0:00:00.083694
8425	6	2	0.213	0	0:00:00.083647
8430	9	9	1.13	1	0:00:00.083684
8435	3	3	0.521	1	0:00:00.083667
8440	5	5	0.202	1	0:00:00.083642
8445	1	1	0.683	1	0:00:00.083686
8450	9	3	0.0	0	0:00:00.083586
8455	1	1	1.94	1	0:00:00.083611
8460	8	8	1.48	1	0:00:00.083629
8465	9	9	0.918	1	0:00:00.083671
8470	8	8	0.776	1	0:00:00.083662
8475	9	6	0.0877	0	0:00:00.083718
8480	2	2	0.141	1	0:00:00.083665
8485	0	0	1.94	1	0:00:00.083617
8490	3	5	0.144	0	0:00:00.083616
8495	1	1	1.26	1	0:00:00.083655
8500	4	4	0.681	1	0:00:00.083633
8505	5	5	0.389	1	0:00:00.083672
8510	7	7	1.94	1	0:00:00.083648
8515	8	8	1.94	1	0:00:00.083570
8520	8	8	0.269	1	0:00:00.083653
8525	3	5	0.0	0	0:00:00.083582
8530	8	8	0.557	1	0:00:00.083672
8535	7	7	0.202	1	0:00:00.083661
8540	4	2	0.00281	0	0:00:00.083582
8545	6	6	0.287	1	0:00:00.083689
8550	1	1	1.13	1	0:00:00.083652
8555	5	5	0.047	1	0:00:00.083641
8560	7	7	1.53	1	0:00:00.083673
8565	7	7	0.565	1	0:00:00.083678
8570	6	6	0.2	1	0:00:00.083635
8575	9	9	0.921	1	0:00:00.083707
8580	3	2	0.352	0	0:00:00.083728
8585	9	9	0.774	1	0:00:00.083647
8590	0	0	0.394	1	0:00:00.083678
8595	1	1	1.38	1	0:00:00.083612
8600	3	5	0.0905	0	0:00:00.083580
8605	6	6	0.463	1	0:00:00.083649
8610	2	2	0.324	1	0:00:00.083671
8615	9	9	0.648	1	0:00:00.083681
8620	3	3	0.028	1	0:00:00.083636
8625	5	7	0.0898	0	0:00:00.083681
8630	5	5	0.888	1	0:00:00.083668
8635	6	6	0.0849	1	0:00:00.083606
8640	1	1	0.292	1	0:00:00.083704
8645	1	1	1.26	1	0:00:00.083691
8650	2	2	0.392	1	0:00:00.083667
8655	8	8	1.7	1	0:00:00.083659
8660	7	7	1.65	1	0:00:00.083657
8665	3	3	0.199	1	0:00:00.083659
8670	9	6	0.117	0	0:00:00.083597
8675	7	7	0.837	1	0:00:00.083648
8680	3	7	0.0	0	0:00:00.083617
8685	7	7	0.545	1	0:00:00.083669
8690	8	8	0.354	1	0:00:00.083629
8695	4	4	0.475	1	0:00:00.083659
8700	3	3	0.316	1	0:00:00.083663
8705	6	2	0.0	0	0:00:00.083817
8710	7	7	0.424	1	0:00:00.083662
8715	2	2	0.275	1	0:00:00.083661
8720	2	0	1.21	0	0:00:00.083639
8725	8	8	1.19	1	0:00:00.083670
8730	2	6	0.0	0	0:00:00.083552
8735	3	3	0.165	1	0:00:00.083611
8740	2	2	0.0	0	0:00:00.083585
8745	5	5	0.926	1	0:00:00.083685
8750	9	9	1.53	1	0:00:00.083730
8755	6	6	1.03	1	0:00:00.083643
8760	8	8	1.7	1	0:00:00.083638
8765	2	2	0.0227	1	0:00:00.083668
8770	6	3	0.153	0	0:00:00.083667
8775	1	3	0.0	0	0:00:00.083564
8780	4	4	0.148	1	0:00:00.083617
8785	8	8	0.391	1	0:00:00.083707
8790	0	0	0.327	1	0:00:00.083640
8795	0	0	1.94	1	0:00:00.083620
8800	0	0	1.39	1	0:00:00.083648
8805	9	9	0.699	1	0:00:00.083619
8810	2	3	0.189	0	0:00:00.083611
8815	3	3	0.387	1	0:00:00.083636
8820	2	2	1.94	1	0:00:00.083676
8825	0	8	0.344	0	0:00:00.083648
8830	9	9	1.06	1	0:00:00.083690
8835	7	7	0.803	1	0:00:00.083658
8840	2	2	0.206	1	0:00:00.083654
8845	2	2	1.75	1	0:00:00.083621
8850	1	1	0.587	1	0:00:00.083651
8855	4	2	0.0	0	0:00:00.083573
8860	2	2	0.904	1	0:00:00.083701
8865	7	7	0.857	1	0:00:00.083630
8870	5	5	0.329	1	0:00:00.083708
8875	8	8	0.203	1	0:00:00.083668
8880	1	1	1.2	1	0:00:00.083669
8885	3	3	0.722	1	0:00:00.083672
8890	8	8	0.973	1	0:00:00.083657
8895	0	0	1.75	1	0:00:00.083662
8900	2	2	0.0904	1	0:00:00.083671
8905	8	8	1.1	1	0:00:00.083617
8910	1	1	0.368	1	0:00:00.083623
8915	9	9	1.36	1	0:00:00.083684
8920	6	6	0.899	1	0:00:00.083631
8925	0	0	1.12	1	0:00:00.083676
8930	3	3	0.0701	1	0:00:00.083626
8935	0	0	0.865	1	0:00:00.083652
8940	6	3	1.62	0	0:00:00.083637
8945	1	1	0.721	1	0:00:00.083702
8950	9	9	1.7	1	0:00:00.083631
8955	1	9	0.0886	0	0:00:00.083614
8960	0	0	0.689	1	0:00:00.083706
8965	4	4	0.151	1	0:00:00.083662
8970	0	0	1.31	1	0:00:00.083642
8975	8	8	1.94	1	0:00:00.083637
8980	9	9	1.94	1	0:00:00.083623
8985	9	0	0.108	0	0:00:00.083581
8990	1	1	1.75	1	0:00:00.083659
8995	9	9	0.96	1	0:00:00.083641
9000	8	8	1.94	1	0:00:00.083606
9005	5	5	0.492	1	0:00:00.083688
9010	8	4	0.0	0	0:00:00.083592
9015	8	8	0.345	1	0:00:00.083657
9020	7	7	1.3	1	0:00:00.083687
9025	5	5	1.37	1	0:00:00.083669
9030	2	2	0.0627	1	0:00:00.083581
9035	4	7	0.0	0	0:00:00.083536
9040	2	5	0.322	0	0:00:00.083693
9045	0	0	1.94	1	0:00:00.083611
9050	5	3	0.958	0	0:00:00.083669
9055	6	6	1.29	1	0:00:00.083689
9060	9	9	0.68	1	0:00:00.083668
9065	0	0	0.332	1	0:00:00.083651
9070	2	2	0.616	1	0:00:00.083669
9075	0	0	1.94	1	0:00:00.083577
9080	3	3	0.169	1	0:00:00.083673
9085	9	9	0.111	1	0:00:00.083647
9090	2	2	0.037	1	0:00:00.083611
9095	5	5	0.395	1	0:00:00.083644
9100	9	1	0.143	0	0:00:00.083570
9105	8	8	0.329	1	0:00:00.083658
9110	1	1	1.35	1	0:00:00.083629
9115	8	8	1.94	1	0:00:00.083586
9120	3	4	0.0	0	0:00:00.083533
9125	1	1	0.996	1	0:00:00.083915
9130	8	8	0.477	1	0:00:00.083673
9135	7	2	0.0399	0	0:00:00.083648
9140	7	7	0.577	1	0:00:00.083649
9145	1	1	0.339	1	0:00:00.083656
9150	6	6	0.506	1	0:00:00.083631
9155	5	5	0.792	1	0:00:00.083651
9160	5	5	0.735	1	0:00:00.083636
9165	4	4	0.182	1	0:00:00.083603
9170	0	9	0.106	0	0:00:00.083643
9175	8	8	1.94	1	0:00:00.083611
9180	5	5	1.94	1	0:00:00.083600
9185	1	3	0.0	0	0:00:00.083543
9190	3	3	0.541	1	0:00:00.083605
9195	6	6	0.635	1	0:00:00.083662
9200	8	8	0.252	1	0:00:00.083668
9205	4	4	0.697	1	0:00:00.083645
9210	7	7	1.06	1	0:00:00.083660
9215	5	5	0.566	1	0:00:00.083701
9220	8	8	1.7	1	0:00:00.083627
9225	5	3	0.169	0	0:00:00.083599
9230	2	4	0.01	0	0:00:00.083626
9235	0	0	0.543	1	0:00:00.083644
9240	8	8	0.973	1	0:00:00.083688
9245	1	1	0.817	1	0:00:00.083637
9250	3	2	0.0472	0	0:00:00.083610
9255	3	3	1.41	1	0:00:00.083652
9260	5	5	1.07	1	0:00:00.083614
9265	1	1	0.628	1	0:00:00.083649
9270	9	9	1.75	1	0:00:00.083632
9275	8	8	1.06	1	0:00:00.083657
9280	9	9	0.719	1	0:00:00.083678
9285	8	8	0.816	1	0:00:00.083694
9290	4	4	0.243	1	0:00:00.083625
9295	3	3	0.869	1	0:00:00.083642
9300	5	5	0.0	0	0:00:00.083575
9305	5	7	0.276	0	0:00:00.083634
9310	3	3	0.0	0	0:00:00.083548
9315	7	7	1.58	1	0:00:00.083621
9320	9	9	1.35	1	0:00:00.083678
9325	6	6	0.71	1	0:00:00.083658
9330	4	4	0.592	1	0:00:00.083670
9335	4	4	0.945	1	0:00:00.083676
9340	1	1	1.94	1	0:00:00.083594
9345	1	1	0.0	0	0:00:00.083572
9350	6	6	0.218	1	0:00:00.083591
9355	6	8	0.0738	0	0:00:00.083556
9360	5	0	0.149	0	0:00:00.083657
9365	6	6	0.947	1	0:00:00.083636
9370	8	8	0.0	0	0:00:00.083581
9375	3	4	0.0	0	0:00:00.083582
9380	5	3	0.719	0	0:00:00.083697
9385	7	5	0.924	0	0:00:00.083677
9390	7	7	1.94	1	0:00:00.083647
9395	7	7	1.94	1	0:00:00.083599
9400	6	6	1.01	1	0:00:00.083639
9405	8	8	1.27	1	0:00:00.083702
9410	5	5	1.01	1	0:00:00.083611
9415	0	4	0.252	0	0:00:00.083636
9420	5	5	0.819	1	0:00:00.083684
9425	6	6	0.622	1	0:00:00.083664
9430	6	6	0.358	1	0:00:00.083641
9435	2	2	1.58	1	0:00:00.083637
9440	8	8	1.75	1	0:00:00.083633
9445	9	3	0.0	0	0:00:00.083628
9450	6	6	0.342	1	0:00:00.083633
9455	1	1	1.94	1	0:00:00.083619
9460	3	7	0.0	0	0:00:00.083563
9465	5	7	0.0	0	0:00:00.083611
9470	9	9	1.94	1	0:00:00.083634
9475	2	2	0.503	1	0:00:00.083643
9480	2	2	0.158	1	0:00:00.083609
9485	7	7	0.322	1	0:00:00.083601
9490	8	8	0.759	1	0:00:00.083636
9495	0	0	0.744	1	0:00:00.083650
9500	9	9	0.853	1	0:00:00.083678
9505	3	3	0.0	0	0:00:00.083611
9510	1	1	0.952	1	0:00:00.083670
9515	0	9	0.0791	0	0:00:00.083689
9520	1	1	0.928	1	0:00:00.083683
9525	2	2	1.18	1	0:00:00.083649
9530	6	6	1.94	1	0:00:00.083643
9535	1	9	0.0508	0	0:00:00.083632
9540	5	5	0.406	1	0:00:00.083672
9545	9	9	1.94	1	0:00:00.083627
9550	6	6	0.805	1	0:00:00.083704
9555	4	4	0.00551	1	0:00:00.083607
9560	9	7	0.336	0	0:00:00.083684
9565	0	0	1.94	1	0:00:00.083597
9570	7	7	1.94	1	0:00:00.083648
9575	5	5	0.365	1	0:00:00.083630
9580	1	1	0.968	1	0:00:00.083663
9585	4	4	0.538	1	0:00:00.083655
9590	0	0	1.09	1	0:00:00.083647
9595	7	7	1.06	1	0:00:00.083661
9600	8	8	0.147	1	0:00:00.083617
9605	5	5	0.615	1	0:00:00.083671
9610	4	4	0.616	1	0:00:00.083632
9615	6	6	0.656	1	0:00:00.083655
9620	4	4	0.45	1	0:00:00.083697
9625	2	2	0.289	1	0:00:00.083679
9630	6	6	0.619	1	0:00:00.083640
9635	7	4	0.0	0	0:00:00.083558
9640	5	5	1.01	1	0:00:00.083653
9645	1	1	1.94	1	0:00:00.083642
9650	8	8	1.75	1	0:00:00.083661
9655	8	8	1.48	1	0:00:00.083618
9660	6	6	1.94	1	0:00:00.083579
9665	3	5	0.618	0	0:00:00.083690
9670	1	1	1.17	1	0:00:00.083677
9675	4	4	0.644	1	0:00:00.083634
9680	8	8	1.13	1	0:00:00.083674
9685	0	2	0.0624	0	0:00:00.083653
9690	4	4	0.445	1	0:00:00.083639
9695	0	0	1.94	1	0:00:00.083592
9700	0	0	0.909	1	0:00:00.083634
9705	6	6	0.0	0	0:00:00.083537
9710	7	7	1.11	1	0:00:00.083682
9715	4	3	0.0	0	0:00:00.083583
9720	8	8	0.0	0	0:00:00.083586
9725	8	8	0.247	1	0:00:00.083625
9730	6	6	1.53	1	0:00:00.083661
9735	6	0	0.226	0	0:00:00.083683
9740	3	6	0.35	0	0:00:00.083630
9745	3	3	0.741	1	0:00:00.083625
9750	2	2	0.23	1	0:00:00.083661
9755	3	5	0.0173	0	0:00:00.083643
9760	9	9	0.0	0	0:00:00.083577
9765	4	4	1.05	1	0:00:00.083651
9770	4	3	0.0	0	0:00:00.083591
9775	9	9	1.48	1	0:00:00.083667
9780	4	6	0.0345	0	0:00:00.083607
9785	8	8	0.632	1	0:00:00.083693
9790	8	8	0.404	1	0:00:00.083634
9795	4	2	0.181	0	0:00:00.083645
9800	1	1	1.94	1	0:00:00.083631
9805	2	0	0.289	0	0:00:00.083608
9810	8	8	0.544	1	0:00:00.083650
9815	5	2	0.0572	0	0:00:00.083631
9820	0	8	0.0	0	0:00:00.083585
9825	2	2	0.642	1	0:00:00.083626
9830	1	1	0.536	1	0:00:00.083661
9835	7	7	1.2	1	0:00:00.083710
9840	4	7	0.42	0	0:00:00.083667
9845	9	9	0.622	1	0:00:00.083637
9850	7	4	0.875	0	0:00:00.083616
9855	7	7	0.0422	1	0:00:00.083680
9860	0	0	0.108	1	0:00:00.083575
9865	1	1	0.664	1	0:00:00.083678
9870	2	2	1.23	1	0:00:00.083660
9875	9	9	0.226	1	0:00:00.083626
9880	7	7	0.294	1	0:00:00.083639
9885	8	8	1.07	1	0:00:00.083649
9890	0	0	1.75	1	0:00:00.083647
9895	4	4	0.948	1	0:00:00.083662
9900	8	8	1.03	1	0:00:00.083670
9905	1	1	1.94	1	0:00:00.083640
9910	4	4	0.469	1	0:00:00.083699
9915	2	2	1.41	1	0:00:00.083654
9920	6	6	0.873	1	0:00:00.083697
9925	4	4	0.625	1	0:00:00.083663
9930	8	8	0.0	0	0:00:00.083577
9935	1	1	1.53	1	0:00:00.083685
9940	4	4	0.347	1	0:00:00.083612
9945	7	7	1.13	1	0:00:00.083698
9950	3	3	0.0354	1	0:00:00.083651
9955	8	8	1.7	1	0:00:00.083610
9960	2	0	1.45	0	0:00:00.083689
9965	2	4	0.065	0	0:00:00.083641
9970	2	4	1.2	0	0:00:00.083910
9975	7	7	1.4	1	0:00:00.083653
9980	0	0	1.75	1	0:00:00.083637
9985	5	5	0.453	1	0:00:00.083678
9990	7	7	1.94	1	0:00:00.083603
9995	8	8	1.94	1	0:00:00.083609
