idx	label	predict	radius	correct	time
0	3	3	0.873	1	0:00:00.344139
5	6	6	0.97	1	0:00:00.172355
10	0	0	0.97	1	0:00:00.170565
15	8	8	0.97	1	0:00:00.170904
20	7	7	0.171	1	0:00:00.170810
25	2	2	0.97	1	0:00:00.171035
30	6	6	0.97	1	0:00:00.171108
35	2	3	0.502	0	0:00:00.171073
40	4	4	0.97	1	0:00:00.170805
45	9	9	0.97	1	0:00:00.170837
50	9	9	0.792	1	0:00:00.170934
55	8	8	0.97	1	0:00:00.170910
60	7	7	0.97	1	0:00:00.170668
65	2	2	0.645	1	0:00:00.170754
70	2	2	0.0989	1	0:00:00.173527
75	2	2	0.97	1	0:00:00.170965
80	8	8	0.725	1	0:00:00.171635
85	5	7	0.97	0	0:00:00.170755
90	0	0	0.873	1	0:00:00.171912
95	6	3	0.0943	0	0:00:00.170800
100	4	4	0.172	1	0:00:00.171508
105	1	1	0.97	1	0:00:00.171368
110	4	4	0.0779	1	0:00:00.173376
115	3	3	0.456	1	0:00:00.169005
120	8	8	0.433	1	0:00:00.171431
125	0	8	0.187	0	0:00:00.171329
130	4	4	0.97	1	0:00:00.170871
135	2	2	0.192	1	0:00:00.171471
140	6	6	0.669	1	0:00:00.171464
145	7	7	0.256	1	0:00:00.171586
150	8	8	0.852	1	0:00:00.171531
155	5	5	0.97	1	0:00:00.171631
160	2	2	0.97	1	0:00:00.171270
165	4	2	0.376	0	0:00:00.171107
170	9	9	0.97	1	0:00:00.171383
175	9	9	0.97	1	0:00:00.171156
180	0	0	0.97	1	0:00:00.171892
185	8	8	0.97	1	0:00:00.170784
190	5	5	0.162	1	0:00:00.170754
195	2	2	0.158	1	0:00:00.171628
200	5	5	0.234	1	0:00:00.171646
205	3	3	0.19	1	0:00:00.171520
210	7	6	0.0159	0	0:00:00.171375
215	0	0	0.97	1	0:00:00.171526
220	7	7	0.667	1	0:00:00.171507
225	9	9	0.658	1	0:00:00.171393
230	5	5	0.97	1	0:00:00.171248
235	0	0	0.97	1	0:00:00.171209
240	1	1	0.97	1	0:00:00.171183
245	3	3	0.97	1	0:00:00.171410
250	5	5	0.746	1	0:00:00.171235
255	0	0	0.118	1	0:00:00.170795
260	8	8	0.0874	1	0:00:00.171197
265	8	8	0.97	1	0:00:00.171537
270	2	4	0.134	0	0:00:00.171205
275	5	3	0.324	0	0:00:00.171356
280	9	9	0.97	1	0:00:00.171519
285	9	9	0.97	1	0:00:00.171421
290	1	1	0.97	1	0:00:00.171307
295	4	4	0.873	1	0:00:00.171180
300	6	6	0.97	1	0:00:00.171410
305	1	1	0.7	1	0:00:00.171804
310	8	8	0.97	1	0:00:00.171238
315	0	0	0.97	1	0:00:00.171289
320	3	3	0.116	1	0:00:00.171731
325	1	1	0.74	1	0:00:00.171768
330	1	1	0.97	1	0:00:00.171156
335	9	9	0.97	1	0:00:00.171002
340	2	4	0.352	0	0:00:00.171432
345	5	5	0.97	1	0:00:00.171178
350	9	9	0.97	1	0:00:00.171011
355	7	3	0.97	0	0:00:00.171673
360	9	9	0.653	1	0:00:00.171421
365	4	4	0.442	1	0:00:00.171688
370	4	4	0.636	1	0:00:00.171735
375	7	7	0.97	1	0:00:00.171301
380	6	6	0.84	1	0:00:00.171467
385	8	8	0.227	1	0:00:00.171698
390	1	1	0.97	1	0:00:00.170842
395	6	6	0.535	1	0:00:00.171575
400	9	9	0.97	1	0:00:00.173320
405	4	4	0.035	1	0:00:00.169025
410	7	7	0.97	1	0:00:00.171592
415	9	9	0.97	1	0:00:00.171382
420	4	4	0.831	1	0:00:00.171408
425	9	9	0.97	1	0:00:00.170896
430	2	2	0.113	1	0:00:00.171528
435	7	7	0.97	1	0:00:00.171109
440	1	1	0.97	1	0:00:00.170991
445	7	2	0.000952	0	0:00:00.171290
450	2	2	0.764	1	0:00:00.171455
455	4	2	0.364	0	0:00:00.171455
460	5	5	0.97	1	0:00:00.171493
465	4	4	0.257	1	0:00:00.171249
470	3	3	0.124	1	0:00:00.170984
475	7	7	0.97	1	0:00:00.170941
480	8	8	0.138	1	0:00:00.171304
485	9	8	0.256	0	0:00:00.171437
490	1	1	0.97	1	0:00:00.171186
495	8	8	0.97	1	0:00:00.171205
500	4	4	0.0287	1	0:00:00.171391
505	4	4	0.718	1	0:00:00.171048
510	5	5	0.97	1	0:00:00.171628
515	3	3	0.97	1	0:00:00.171516
520	5	5	0.357	1	0:00:00.171323
525	5	5	0.174	1	0:00:00.171288
530	9	9	0.97	1	0:00:00.171339
535	6	6	0.97	1	0:00:00.171580
540	1	1	0.97	1	0:00:00.171906
545	9	9	0.97	1	0:00:00.173509
550	5	5	0.254	1	0:00:00.169445
555	4	8	0.483	0	0:00:00.170972
560	0	0	0.97	1	0:00:00.171654
565	3	6	0.195	0	0:00:00.171930
570	6	6	0.726	1	0:00:00.171491
575	6	6	0.97	1	0:00:00.171636
580	4	4	0.97	1	0:00:00.171579
585	9	1	0.104	0	0:00:00.171460
590	6	6	0.97	1	0:00:00.171481
595	4	4	0.97	1	0:00:00.171184
600	8	8	0.97	1	0:00:00.171467
605	6	6	0.97	1	0:00:00.171396
610	6	6	0.97	1	0:00:00.171392
615	8	3	0.505	0	0:00:00.171730
620	7	7	0.699	1	0:00:00.171044
625	9	9	0.774	1	0:00:00.171736
630	2	2	0.058	1	0:00:00.171580
635	6	6	0.645	1	0:00:00.171388
640	5	3	0.97	0	0:00:00.171599
645	1	9	0.294	0	0:00:00.171567
650	3	3	0.97	1	0:00:00.171648
655	2	4	0.446	0	0:00:00.171669
660	9	9	0.97	1	0:00:00.171419
665	8	8	0.873	1	0:00:00.171045
670	6	6	0.97	1	0:00:00.171464
675	0	0	0.369	1	0:00:00.170935
680	9	1	0.16	0	0:00:00.171553
685	6	4	0.2	0	0:00:00.170795
690	3	4	0.365	0	0:00:00.171412
695	3	4	0.797	0	0:00:00.171283
700	7	7	0.97	1	0:00:00.170657
705	4	4	0.97	1	0:00:00.170977
710	6	2	0.7	0	0:00:00.171472
715	3	3	0.873	1	0:00:00.171194
720	4	4	0.6	1	0:00:00.171439
725	2	8	0.417	0	0:00:00.171731
730	4	3	0.0652	0	0:00:00.171562
735	4	4	0.113	1	0:00:00.171350
740	2	5	0.676	0	0:00:00.171634
745	7	7	0.873	1	0:00:00.171281
750	9	9	0.97	1	0:00:00.171549
755	2	4	0.97	0	0:00:00.171574
760	3	3	0.97	1	0:00:00.171988
765	2	2	0.97	1	0:00:00.171441
770	6	6	0.413	1	0:00:00.171534
775	2	4	0.97	0	0:00:00.171843
780	9	9	0.97	1	0:00:00.171265
785	0	0	0.679	1	0:00:00.171422
790	3	0	0.97	0	0:00:00.171834
795	7	7	0.225	1	0:00:00.171664
800	7	7	0.97	1	0:00:00.171603
805	4	4	0.255	1	0:00:00.171022
810	5	3	0.873	0	0:00:00.170598
815	8	8	0.97	1	0:00:00.171233
820	6	1	0.151	0	0:00:00.171625
825	3	6	0.371	0	0:00:00.171784
830	1	1	0.97	1	0:00:00.171242
835	4	3	0.322	0	0:00:00.171461
840	7	7	0.97	1	0:00:00.171177
845	3	1	0.112	0	0:00:00.171052
850	7	5	0.275	0	0:00:00.171440
855	7	7	0.97	1	0:00:00.171067
860	4	4	0.764	1	0:00:00.171607
865	1	1	0.97	1	0:00:00.170678
870	3	3	0.3	1	0:00:00.171445
875	8	8	0.428	1	0:00:00.171424
880	8	8	0.97	1	0:00:00.171515
885	0	0	0.8	1	0:00:00.171009
890	4	3	0.0	0	0:00:00.171088
895	1	1	0.97	1	0:00:00.170885
900	2	6	0.39	0	0:00:00.171289
905	7	7	0.137	1	0:00:00.171662
910	5	5	0.259	1	0:00:00.171646
915	1	1	0.97	1	0:00:00.171418
920	6	6	0.287	1	0:00:00.171712
925	5	3	0.97	0	0:00:00.171489
930	4	4	0.97	1	0:00:00.171665
935	2	2	0.97	1	0:00:00.171510
940	9	9	0.97	1	0:00:00.171164
945	3	3	0.468	1	0:00:00.171472
950	3	3	0.282	1	0:00:00.171243
955	7	7	0.97	1	0:00:00.171390
960	9	3	0.159	0	0:00:00.171232
965	6	6	0.0988	1	0:00:00.171155
970	9	9	0.97	1	0:00:00.170964
975	0	0	0.97	1	0:00:00.171282
980	2	6	0.366	0	0:00:00.171280
985	8	8	0.97	1	0:00:00.171469
990	1	1	0.97	1	0:00:00.171098
995	3	3	0.394	1	0:00:00.170958
1000	5	5	0.97	1	0:00:00.171302
1005	1	1	0.97	1	0:00:00.171192
1010	0	0	0.97	1	0:00:00.171359
1015	4	4	0.84	1	0:00:00.171369
1020	1	1	0.97	1	0:00:00.170938
1025	5	5	0.97	1	0:00:00.171341
1030	3	3	0.97	1	0:00:00.171889
1035	6	6	0.298	1	0:00:00.171297
1040	7	5	0.496	0	0:00:00.171634
1045	5	3	0.97	0	0:00:00.171329
1050	3	3	0.107	1	0:00:00.170618
1055	5	5	0.97	1	0:00:00.171411
1060	9	9	0.97	1	0:00:00.171913
1065	3	3	0.327	1	0:00:00.171452
1070	3	3	0.97	1	0:00:00.171399
1075	8	8	0.478	1	0:00:00.171067
1080	6	2	0.318	0	0:00:00.171865
1085	4	4	0.97	1	0:00:00.170596
1090	0	0	0.97	1	0:00:00.171158
1095	2	2	0.831	1	0:00:00.171605
1100	7	7	0.506	1	0:00:00.171487
1105	4	3	0.84	0	0:00:00.171101
1110	2	2	0.97	1	0:00:00.167279
1115	1	1	0.97	1	0:00:00.165189
1120	5	2	0.219	0	0:00:00.165061
1125	6	6	0.97	1	0:00:00.166826
1130	7	4	0.0864	0	0:00:00.169523
1135	6	6	0.97	1	0:00:00.164764
1140	6	6	0.578	1	0:00:00.166849
1145	4	4	0.408	1	0:00:00.165528
1150	2	4	0.284	0	0:00:00.165032
1155	9	9	0.227	1	0:00:00.169256
1160	8	8	0.598	1	0:00:00.164962
1165	0	0	0.97	1	0:00:00.167488
1170	7	7	0.97	1	0:00:00.170225
1175	9	9	0.97	1	0:00:00.170258
1180	3	3	0.547	1	0:00:00.170217
1185	1	1	0.515	1	0:00:00.170141
1190	1	1	0.84	1	0:00:00.170278
1195	6	6	0.97	1	0:00:00.170527
1200	8	8	0.488	1	0:00:00.170144
1205	8	8	0.97	1	0:00:00.169972
1210	0	0	0.97	1	0:00:00.169670
1215	7	7	0.97	1	0:00:00.170258
1220	9	3	0.0952	0	0:00:00.169594
1225	6	6	0.97	1	0:00:00.169817
1230	5	3	0.46	0	0:00:00.168257
1235	5	5	0.97	1	0:00:00.169315
1240	2	6	0.808	0	0:00:00.170463
1245	6	3	0.104	0	0:00:00.170294
1250	7	7	0.794	1	0:00:00.167748
1255	4	4	0.97	1	0:00:00.167907
1260	1	9	0.285	0	0:00:00.170157
1265	9	1	0.715	0	0:00:00.170493
1270	1	1	0.553	1	0:00:00.169903
1275	3	3	0.97	1	0:00:00.169866
1280	3	5	0.629	0	0:00:00.170271
1285	9	7	0.221	0	0:00:00.171887
1290	5	5	0.97	1	0:00:00.169567
1295	0	0	0.97	1	0:00:00.169606
1300	4	3	0.84	0	0:00:00.170190
1305	9	9	0.852	1	0:00:00.169918
1310	0	0	0.97	1	0:00:00.170492
1315	4	2	0.299	0	0:00:00.169949
1320	7	7	0.764	1	0:00:00.170061
1325	2	4	0.326	0	0:00:00.170227
1330	2	3	0.475	0	0:00:00.170562
1335	1	1	0.97	1	0:00:00.170092
1340	1	1	0.97	1	0:00:00.170517
1345	4	2	0.0537	0	0:00:00.170052
1350	4	6	0.203	0	0:00:00.170201
1355	5	3	0.437	0	0:00:00.170131
1360	7	7	0.797	1	0:00:00.170177
1365	0	0	0.97	1	0:00:00.170376
1370	9	9	0.25	1	0:00:00.170104
1375	4	4	0.97	1	0:00:00.170027
1380	4	5	0.561	0	0:00:00.172249
1385	5	5	0.461	1	0:00:00.170018
1390	6	6	0.97	1	0:00:00.170199
1395	3	3	0.177	1	0:00:00.169916
1400	5	5	0.565	1	0:00:00.169950
1405	1	1	0.782	1	0:00:00.169870
1410	1	1	0.97	1	0:00:00.170087
1415	7	7	0.97	1	0:00:00.170324
1420	4	7	0.0768	0	0:00:00.170067
1425	4	4	0.521	1	0:00:00.170046
1430	8	8	0.47	1	0:00:00.172347
1435	1	1	0.97	1	0:00:00.169843
1440	0	0	0.593	1	0:00:00.170370
1445	3	3	0.852	1	0:00:00.170167
1450	2	2	0.279	1	0:00:00.170199
1455	6	6	0.97	1	0:00:00.169785
1460	6	6	0.97	1	0:00:00.170285
1465	9	9	0.97	1	0:00:00.170290
1470	7	2	0.0	0	0:00:00.170184
1475	9	9	0.97	1	0:00:00.170482
1480	1	1	0.74	1	0:00:00.170601
1485	0	0	0.488	1	0:00:00.170213
1490	8	8	0.97	1	0:00:00.170163
1495	2	0	0.439	0	0:00:00.170391
1500	1	1	0.97	1	0:00:00.170307
1505	2	4	0.0277	0	0:00:00.170551
1510	8	4	0.0373	0	0:00:00.169608
1515	2	2	0.97	1	0:00:00.170465
1520	7	7	0.97	1	0:00:00.170007
1525	3	5	0.323	0	0:00:00.172701
1530	3	3	0.661	1	0:00:00.170167
1535	4	2	0.179	0	0:00:00.170367
1540	8	8	0.97	1	0:00:00.170118
1545	1	1	0.312	1	0:00:00.170413
1550	6	6	0.781	1	0:00:00.170115
1555	0	0	0.873	1	0:00:00.170140
1560	7	7	0.97	1	0:00:00.170318
1565	6	6	0.97	1	0:00:00.172125
1570	4	4	0.563	1	0:00:00.170367
1575	2	2	0.396	1	0:00:00.172768
1580	6	1	0.251	0	0:00:00.170781
1585	7	7	0.97	1	0:00:00.170160
1590	4	0	0.0749	0	0:00:00.170491
1595	3	6	0.131	0	0:00:00.172041
1600	8	9	0.275	0	0:00:00.172451
1605	3	2	0.375	0	0:00:00.170187
1610	2	0	0.161	0	0:00:00.170273
1615	7	7	0.97	1	0:00:00.170165
1620	5	5	0.0236	1	0:00:00.170020
1625	3	3	0.777	1	0:00:00.168842
1630	9	9	0.97	1	0:00:00.170285
1635	7	7	0.408	1	0:00:00.169963
1640	7	3	0.212	0	0:00:00.170490
1645	4	4	0.97	1	0:00:00.169927
1650	5	5	0.97	1	0:00:00.170677
1655	8	8	0.97	1	0:00:00.170321
1660	3	3	0.97	1	0:00:00.170219
1665	6	6	0.97	1	0:00:00.170609
1670	6	4	0.606	0	0:00:00.172272
1675	5	1	0.0608	0	0:00:00.170138
1680	6	6	0.97	1	0:00:00.170347
1685	8	4	0.195	0	0:00:00.170465
1690	2	2	0.376	1	0:00:00.170836
1695	9	9	0.831	1	0:00:00.169895
1700	5	5	0.0705	1	0:00:00.170396
1705	0	0	0.97	1	0:00:00.170447
1710	4	4	0.619	1	0:00:00.172276
1715	3	3	0.0516	1	0:00:00.170668
1720	4	4	0.57	1	0:00:00.172621
1725	0	0	0.97	1	0:00:00.170849
1730	4	0	0.317	0	0:00:00.170705
1735	0	0	0.97	1	0:00:00.170600
1740	1	1	0.42	1	0:00:00.171952
1745	5	5	0.97	1	0:00:00.169979
1750	8	8	0.545	1	0:00:00.170194
1755	7	7	0.817	1	0:00:00.170760
1760	0	0	0.495	1	0:00:00.170368
1765	4	6	0.182	0	0:00:00.170287
1770	7	7	0.36	1	0:00:00.170278
1775	3	3	0.97	1	0:00:00.169686
1780	7	7	0.873	1	0:00:00.169884
1785	0	0	0.0874	1	0:00:00.169757
1790	7	5	0.28	0	0:00:00.170217
1795	6	6	0.441	1	0:00:00.170328
1800	4	4	0.272	1	0:00:00.170423
1805	8	8	0.97	1	0:00:00.170063
1810	1	1	0.873	1	0:00:00.170082
1815	9	9	0.97	1	0:00:00.171863
1820	8	8	0.132	1	0:00:00.170850
1825	2	2	0.97	1	0:00:00.170244
1830	3	2	0.348	0	0:00:00.170638
1835	0	3	0.0337	0	0:00:00.170249
1840	8	4	0.133	0	0:00:00.170632
1845	7	7	0.435	1	0:00:00.169635
1850	1	0	0.273	0	0:00:00.170109
1855	5	5	0.65	1	0:00:00.172036
1860	8	8	0.97	1	0:00:00.170364
1865	7	7	0.706	1	0:00:00.172404
1870	2	2	0.97	1	0:00:00.170194
1875	0	0	0.97	1	0:00:00.170830
1880	1	1	0.97	1	0:00:00.170436
1885	5	5	0.97	1	0:00:00.172333
1890	6	6	0.74	1	0:00:00.170448
1895	8	8	0.559	1	0:00:00.170572
1900	8	8	0.97	1	0:00:00.170837
1905	3	3	0.0	0	0:00:00.170630
1910	4	4	0.873	1	0:00:00.170732
1915	9	9	0.97	1	0:00:00.170528
1920	2	2	0.97	1	0:00:00.171962
1925	1	1	0.852	1	0:00:00.170335
1930	1	1	0.339	1	0:00:00.167756
1935	6	2	0.108	0	0:00:00.165452
1940	5	5	0.97	1	0:00:00.168109
1945	4	4	0.606	1	0:00:00.167616
1950	5	3	0.122	0	0:00:00.165329
1955	2	7	0.831	0	0:00:00.168030
1960	2	5	0.249	0	0:00:00.169150
1965	0	0	0.831	1	0:00:00.167855
1970	1	1	0.97	1	0:00:00.167817
1975	6	3	0.111	0	0:00:00.167661
1980	9	9	0.97	1	0:00:00.170736
1985	6	6	0.282	1	0:00:00.170735
1990	4	7	0.338	0	0:00:00.170555
1995	2	2	0.97	1	0:00:00.165522
2000	1	1	0.626	1	0:00:00.170393
2005	5	7	0.224	0	0:00:00.170367
2010	7	2	0.457	0	0:00:00.170711
2015	4	4	0.501	1	0:00:00.169633
2020	9	9	0.97	1	0:00:00.167303
2025	4	2	0.376	0	0:00:00.167780
2030	4	4	0.546	1	0:00:00.168044
2035	6	6	0.18	1	0:00:00.170241
2040	0	0	0.97	1	0:00:00.170066
2045	1	1	0.97	1	0:00:00.170165
2050	8	8	0.97	1	0:00:00.170103
2055	5	5	0.852	1	0:00:00.170432
2060	5	3	0.7	0	0:00:00.170497
2065	2	4	0.237	0	0:00:00.172749
2070	2	4	0.378	0	0:00:00.170235
2075	4	7	0.0819	0	0:00:00.171785
2080	1	1	0.221	1	0:00:00.170395
2085	0	0	0.591	1	0:00:00.170666
2090	2	2	0.97	1	0:00:00.170285
2095	0	0	0.97	1	0:00:00.170971
2100	2	2	0.852	1	0:00:00.170001
2105	6	6	0.873	1	0:00:00.170589
2110	0	0	0.313	1	0:00:00.171963
2115	5	5	0.599	1	0:00:00.170842
2120	4	8	0.242	0	0:00:00.169867
2125	1	1	0.196	1	0:00:00.169938
2130	0	0	0.823	1	0:00:00.170930
2135	8	8	0.97	1	0:00:00.169950
2140	9	9	0.97	1	0:00:00.170091
2145	7	4	0.299	0	0:00:00.172105
2150	9	9	0.97	1	0:00:00.170179
2155	9	8	0.529	0	0:00:00.170029
2160	0	0	0.426	1	0:00:00.171962
2165	2	0	0.632	0	0:00:00.170147
2170	2	2	0.97	1	0:00:00.169561
2175	3	5	0.414	0	0:00:00.170255
2180	4	4	0.97	1	0:00:00.170171
2185	0	0	0.775	1	0:00:00.171128
2190	9	9	0.97	1	0:00:00.170523
2195	4	4	0.442	1	0:00:00.170715
2200	0	0	0.38	1	0:00:00.170655
2205	5	5	0.393	1	0:00:00.169905
2210	2	2	0.558	1	0:00:00.172134
2215	0	0	0.831	1	0:00:00.170546
2220	1	1	0.97	1	0:00:00.170136
2225	7	7	0.97	1	0:00:00.170184
2230	3	3	0.873	1	0:00:00.170851
2235	2	2	0.97	1	0:00:00.170350
2240	9	9	0.797	1	0:00:00.170585
2245	8	8	0.653	1	0:00:00.170247
2250	7	7	0.151	1	0:00:00.169852
2255	1	1	0.706	1	0:00:00.171737
2260	4	4	0.97	1	0:00:00.170420
2265	8	8	0.97	1	0:00:00.170264
2270	2	2	0.4	1	0:00:00.170353
2275	6	6	0.321	1	0:00:00.169984
2280	4	8	0.0921	0	0:00:00.170272
2285	3	5	0.247	0	0:00:00.170774
2290	9	9	0.97	1	0:00:00.170490
2295	8	8	0.97	1	0:00:00.171015
2300	3	3	0.0332	1	0:00:00.170226
2305	9	9	0.242	1	0:00:00.172508
2310	6	6	0.342	1	0:00:00.170960
2315	2	2	0.852	1	0:00:00.170211
2320	5	2	0.653	0	0:00:00.168106
2325	7	5	0.197	0	0:00:00.170402
2330	0	0	0.852	1	0:00:00.170578
2335	5	3	0.618	0	0:00:00.170449
2340	7	7	0.97	1	0:00:00.170573
2345	1	1	0.97	1	0:00:00.170348
2350	3	5	0.07	0	0:00:00.171011
2355	9	9	0.169	1	0:00:00.172672
2360	7	7	0.603	1	0:00:00.170064
2365	7	7	0.97	1	0:00:00.170482
2370	0	0	0.97	1	0:00:00.170732
2375	0	0	0.422	1	0:00:00.170267
2380	8	8	0.97	1	0:00:00.170492
2385	4	5	0.152	0	0:00:00.170730
2390	1	1	0.322	1	0:00:00.169824
2395	7	7	0.21	1	0:00:00.170329
2400	0	0	0.97	1	0:00:00.172179
2405	3	6	0.97	0	0:00:00.170246
2410	3	3	0.97	1	0:00:00.170459
2415	6	6	0.281	1	0:00:00.170254
2420	8	8	0.403	1	0:00:00.170491
2425	0	0	0.578	1	0:00:00.169843
2430	7	7	0.873	1	0:00:00.170055
2435	6	2	0.146	0	0:00:00.170596
2440	7	7	0.536	1	0:00:00.170068
2445	6	6	0.97	1	0:00:00.170203
2450	1	1	0.97	1	0:00:00.172642
2455	6	6	0.302	1	0:00:00.170587
2460	9	3	0.071	0	0:00:00.170455
2465	9	9	0.97	1	0:00:00.168288
2470	7	7	0.97	1	0:00:00.172587
2475	6	6	0.97	1	0:00:00.170047
2480	8	8	0.97	1	0:00:00.170124
2485	6	6	0.97	1	0:00:00.170672
2490	0	0	0.131	1	0:00:00.170056
2495	9	8	0.275	0	0:00:00.170727
2500	4	4	0.437	1	0:00:00.172285
2505	7	0	0.0608	0	0:00:00.170408
2510	4	4	0.97	1	0:00:00.170305
2515	2	6	0.351	0	0:00:00.170920
2520	1	8	0.0	0	0:00:00.169906
2525	5	3	0.249	0	0:00:00.170230
2530	6	6	0.511	1	0:00:00.170516
2535	0	6	0.14	0	0:00:00.170402
2540	2	3	0.482	0	0:00:00.170294
2545	4	4	0.97	1	0:00:00.172139
2550	4	4	0.276	1	0:00:00.170468
2555	7	9	0.658	0	0:00:00.170759
2560	7	7	0.472	1	0:00:00.170155
2565	3	3	0.416	1	0:00:00.170482
2570	0	2	0.0685	0	0:00:00.170568
2575	5	4	0.852	0	0:00:00.170136
2580	6	6	0.97	1	0:00:00.170413
2585	3	5	0.197	0	0:00:00.172734
2590	5	3	0.222	0	0:00:00.170192
2595	4	4	0.97	1	0:00:00.172365
2600	8	8	0.97	1	0:00:00.169454
2605	4	7	0.149	0	0:00:00.170490
2610	2	2	0.97	1	0:00:00.168133
2615	7	7	0.582	1	0:00:00.170821
2620	1	1	0.649	1	0:00:00.170811
2625	2	2	0.97	1	0:00:00.170703
2630	2	2	0.118	1	0:00:00.169858
2635	6	4	0.196	0	0:00:00.170518
2640	7	7	0.97	1	0:00:00.170845
2645	1	1	0.97	1	0:00:00.170633
2650	5	9	0.402	0	0:00:00.170643
2655	4	0	0.153	0	0:00:00.170277
2660	3	3	0.167	1	0:00:00.170186
2665	1	1	0.97	1	0:00:00.170468
2670	9	9	0.267	1	0:00:00.170820
2675	2	2	0.417	1	0:00:00.168025
2680	0	0	0.97	1	0:00:00.170602
2685	2	4	0.97	0	0:00:00.170446
2690	2	6	0.341	0	0:00:00.172621
2695	2	2	0.603	1	0:00:00.170659
2700	9	9	0.159	1	0:00:00.170788
2705	8	0	0.17	0	0:00:00.170462
2710	7	7	0.97	1	0:00:00.170387
2715	0	0	0.97	1	0:00:00.170801
2720	3	3	0.74	1	0:00:00.170536
2725	8	8	0.97	1	0:00:00.170029
2730	6	6	0.97	1	0:00:00.172362
2735	2	6	0.101	0	0:00:00.170443
2740	1	1	0.52	1	0:00:00.172850
2745	8	8	0.97	1	0:00:00.170527
2750	5	5	0.97	1	0:00:00.170702
2755	5	7	0.97	0	0:00:00.170881
2760	2	2	0.97	1	0:00:00.170395
2765	9	9	0.97	1	0:00:00.170322
2770	7	5	0.0449	0	0:00:00.170557
2775	3	3	0.97	1	0:00:00.170514
2780	7	7	0.97	1	0:00:00.170863
2785	4	4	0.324	1	0:00:00.170797
2790	8	8	0.97	1	0:00:00.170006
2795	3	3	0.592	1	0:00:00.170489
2800	4	4	0.462	1	0:00:00.170676
2805	4	4	0.4	1	0:00:00.170770
2810	9	7	0.686	0	0:00:00.170543
2815	3	3	0.823	1	0:00:00.170655
2820	6	6	0.97	1	0:00:00.170424
2825	2	6	0.327	0	0:00:00.169929
2830	6	6	0.97	1	0:00:00.170664
2835	4	2	0.21	0	0:00:00.172118
2840	3	3	0.97	1	0:00:00.170653
2845	5	6	0.049	0	0:00:00.170682
2850	5	5	0.97	1	0:00:00.170545
2855	3	3	0.481	1	0:00:00.170654
2860	5	4	0.0623	0	0:00:00.169952
2865	6	6	0.97	1	0:00:00.170599
2870	8	8	0.97	1	0:00:00.170832
2875	1	1	0.808	1	0:00:00.172589
2880	4	4	0.97	1	0:00:00.169897
2885	5	5	0.97	1	0:00:00.172427
2890	5	5	0.692	1	0:00:00.170491
2895	7	5	0.97	0	0:00:00.170901
2900	3	5	0.396	0	0:00:00.170540
2905	4	4	0.283	1	0:00:00.170770
2910	8	8	0.334	1	0:00:00.170554
2915	5	5	0.97	1	0:00:00.170438
2920	2	3	0.145	0	0:00:00.170579
2925	4	4	0.97	1	0:00:00.170105
2930	7	5	0.342	0	0:00:00.170767
2935	8	8	0.221	1	0:00:00.170895
2940	3	0	0.852	0	0:00:00.170717
2945	7	7	0.175	1	0:00:00.170400
2950	1	1	0.0908	1	0:00:00.170120
2955	2	2	0.358	1	0:00:00.169986
2960	9	9	0.755	1	0:00:00.170746
2965	7	7	0.97	1	0:00:00.170854
2970	5	5	0.286	1	0:00:00.170161
2975	9	4	0.553	0	0:00:00.170859
2980	8	8	0.97	1	0:00:00.170886
2985	2	8	0.0	0	0:00:00.170278
2990	4	4	0.693	1	0:00:00.170573
2995	4	4	0.84	1	0:00:00.170715
3000	5	5	0.97	1	0:00:00.170614
3005	0	0	0.611	1	0:00:00.170651
3010	6	6	0.97	1	0:00:00.170033
3015	6	6	0.97	1	0:00:00.169847
3020	1	1	0.873	1	0:00:00.173165
3025	2	6	0.256	0	0:00:00.170668
3030	6	6	0.578	1	0:00:00.174143
3035	3	3	0.97	1	0:00:00.171828
3040	7	7	0.97	1	0:00:00.171982
3045	5	5	0.97	1	0:00:00.171559
3050	0	0	0.469	1	0:00:00.172095
3055	9	9	0.97	1	0:00:00.171305
3060	7	7	0.97	1	0:00:00.171823
3065	3	3	0.446	1	0:00:00.171637
3070	0	0	0.97	1	0:00:00.171520
3075	6	3	0.765	0	0:00:00.171674
3080	1	1	0.97	1	0:00:00.172607
3085	2	6	0.129	0	0:00:00.171717
3090	4	4	0.646	1	0:00:00.171278
3095	4	4	0.0482	1	0:00:00.172151
3100	0	0	0.97	1	0:00:00.171214
3105	1	1	0.97	1	0:00:00.171416
3110	7	3	0.852	0	0:00:00.171822
3115	5	5	0.194	1	0:00:00.172421
3120	4	6	0.169	0	0:00:00.172178
3125	3	3	0.852	1	0:00:00.172216
3130	3	5	0.244	0	0:00:00.172038
3135	7	5	0.0955	0	0:00:00.172489
3140	8	8	0.97	1	0:00:00.171981
3145	9	3	0.106	0	0:00:00.172114
3150	1	1	0.108	1	0:00:00.171683
3155	8	8	0.97	1	0:00:00.171769
3160	6	2	0.706	0	0:00:00.171484
3165	1	1	0.523	1	0:00:00.174026
3170	9	9	0.97	1	0:00:00.169532
3175	1	1	0.852	1	0:00:00.171724
3180	3	3	0.527	1	0:00:00.171499
3185	2	6	0.0779	0	0:00:00.172227
3190	3	3	0.456	1	0:00:00.172276
3195	5	4	0.111	0	0:00:00.171794
3200	5	5	0.97	1	0:00:00.171788
3205	8	8	0.97	1	0:00:00.172254
3210	9	9	0.97	1	0:00:00.172153
3215	1	1	0.97	1	0:00:00.172059
3220	3	3	0.324	1	0:00:00.171739
3225	9	9	0.97	1	0:00:00.172422
3230	3	3	0.121	1	0:00:00.172143
3235	5	7	0.0513	0	0:00:00.172133
3240	4	3	0.192	0	0:00:00.172111
3245	7	7	0.574	1	0:00:00.171899
3250	2	6	0.421	0	0:00:00.171831
3255	5	5	0.97	1	0:00:00.171829
3260	7	7	0.97	1	0:00:00.171338
3265	8	8	0.97	1	0:00:00.172186
3270	8	8	0.375	1	0:00:00.171803
3275	5	4	0.485	0	0:00:00.171734
3280	3	5	0.97	0	0:00:00.171567
3285	1	1	0.441	1	0:00:00.172227
3290	5	5	0.831	1	0:00:00.172033
3295	9	9	0.97	1	0:00:00.171659
3300	4	4	0.182	1	0:00:00.172356
3305	9	9	0.97	1	0:00:00.171620
3310	6	6	0.387	1	0:00:00.171162
3315	3	3	0.642	1	0:00:00.172191
3320	2	7	0.365	0	0:00:00.173609
3325	6	3	0.0268	0	0:00:00.171442
3330	7	7	0.873	1	0:00:00.169673
3335	0	0	0.367	1	0:00:00.171421
3340	6	6	0.662	1	0:00:00.172018
3345	7	7	0.97	1	0:00:00.172017
3350	8	8	0.97	1	0:00:00.171495
3355	5	0	0.156	0	0:00:00.171532
3360	4	4	0.462	1	0:00:00.171822
3365	9	9	0.97	1	0:00:00.171907
3370	1	1	0.97	1	0:00:00.171882
3375	4	4	0.385	1	0:00:00.171695
3380	8	8	0.97	1	0:00:00.172034
3385	8	0	0.579	0	0:00:00.172314
3390	3	5	0.97	0	0:00:00.172441
3395	9	9	0.97	1	0:00:00.171920
3400	6	4	0.104	0	0:00:00.172133
3405	7	7	0.97	1	0:00:00.171756
3410	4	4	0.97	1	0:00:00.171705
3415	7	7	0.823	1	0:00:00.171480
3420	5	3	0.544	0	0:00:00.171253
3425	0	0	0.484	1	0:00:00.172348
3430	8	8	0.97	1	0:00:00.171669
3435	6	6	0.97	1	0:00:00.171788
3440	2	3	0.852	0	0:00:00.171865
3445	0	0	0.97	1	0:00:00.171945
3450	9	3	0.158	0	0:00:00.172297
3455	6	6	0.97	1	0:00:00.171661
3460	1	1	0.97	1	0:00:00.172389
3465	6	6	0.97	1	0:00:00.171703
3470	7	7	0.97	1	0:00:00.171656
3475	0	0	0.531	1	0:00:00.172322
3480	2	2	0.97	1	0:00:00.172645
3485	1	1	0.97	1	0:00:00.171854
3490	0	8	0.97	0	0:00:00.172114
3495	2	3	0.0885	0	0:00:00.171718
3500	1	1	0.295	1	0:00:00.171729
3505	4	4	0.645	1	0:00:00.172190
3510	4	4	0.97	1	0:00:00.171674
3515	8	8	0.97	1	0:00:00.171922
3520	1	1	0.97	1	0:00:00.172382
3525	2	3	0.00682	0	0:00:00.172275
3530	6	6	0.97	1	0:00:00.172127
3535	5	5	0.478	1	0:00:00.172202
3540	6	6	0.97	1	0:00:00.171621
3545	4	4	0.97	1	0:00:00.172134
3550	0	4	0.499	0	0:00:00.172192
3555	6	6	0.34	1	0:00:00.172023
3560	1	1	0.0	0	0:00:00.171679
3565	1	1	0.97	1	0:00:00.172461
3570	3	3	0.823	1	0:00:00.171949
3575	3	3	0.131	1	0:00:00.171813
3580	4	2	0.00592	0	0:00:00.171968
3585	8	8	0.97	1	0:00:00.171683
3590	7	7	0.97	1	0:00:00.171576
3595	2	4	0.321	0	0:00:00.169427
3600	4	2	0.397	0	0:00:00.170961
3605	6	4	0.143	0	0:00:00.171062
3610	5	3	0.138	0	0:00:00.173485
3615	6	2	0.8	0	0:00:00.171667
3620	0	0	0.203	1	0:00:00.172248
3625	8	8	0.852	1	0:00:00.169059
3630	8	8	0.97	1	0:00:00.171090
3635	4	4	0.817	1	0:00:00.171365
3640	6	6	0.176	1	0:00:00.170606
3645	1	9	0.318	0	0:00:00.171181
3650	0	0	0.97	1	0:00:00.171054
3655	9	9	0.97	1	0:00:00.170711
3660	0	0	0.873	1	0:00:00.173435
3665	7	7	0.774	1	0:00:00.171128
3670	9	9	0.357	1	0:00:00.170608
3675	4	4	0.97	1	0:00:00.170510
3680	0	0	0.138	1	0:00:00.170432
3685	2	2	0.97	1	0:00:00.170468
3690	9	9	0.97	1	0:00:00.170413
3695	8	8	0.97	1	0:00:00.169939
3700	3	3	0.335	1	0:00:00.169713
3705	8	8	0.97	1	0:00:00.172731
3710	2	2	0.219	1	0:00:00.170133
3715	1	1	0.286	1	0:00:00.170632
3720	2	2	0.97	1	0:00:00.170338
3725	2	2	0.238	1	0:00:00.170794
3730	1	1	0.97	1	0:00:00.170703
3735	5	4	0.0	0	0:00:00.170166
3740	0	0	0.97	1	0:00:00.170835
3745	1	1	0.97	1	0:00:00.170218
3750	9	1	0.0877	0	0:00:00.170151
3755	9	7	0.127	0	0:00:00.172228
3760	7	7	0.97	1	0:00:00.171600
3765	0	8	0.159	0	0:00:00.171610
3770	9	9	0.693	1	0:00:00.169475
3775	6	6	0.97	1	0:00:00.169809
3780	4	4	0.787	1	0:00:00.170335
3785	6	6	0.706	1	0:00:00.170351
3790	4	4	0.715	1	0:00:00.169932
3795	7	7	0.583	1	0:00:00.170372
3800	9	9	0.725	1	0:00:00.170637
3805	9	9	0.97	1	0:00:00.172484
3810	3	3	0.804	1	0:00:00.171582
3815	2	4	0.11	0	0:00:00.171891
3820	0	0	0.728	1	0:00:00.171527
3825	0	0	0.97	1	0:00:00.171093
3830	5	5	0.553	1	0:00:00.171414
3835	3	5	0.727	0	0:00:00.169192
3840	6	3	0.61	0	0:00:00.170141
3845	0	0	0.97	1	0:00:00.170611
3850	9	9	0.574	1	0:00:00.172477
3855	1	1	0.97	1	0:00:00.171659
3860	7	7	0.97	1	0:00:00.171618
3865	7	7	0.97	1	0:00:00.171164
3870	8	8	0.183	1	0:00:00.171679
3875	2	2	0.97	1	0:00:00.171540
3880	6	6	0.0174	1	0:00:00.171413
3885	6	6	0.25	1	0:00:00.171512
3890	7	7	0.873	1	0:00:00.168961
3895	1	1	0.582	1	0:00:00.170389
3900	3	6	0.329	0	0:00:00.172610
3905	2	2	0.97	1	0:00:00.171089
3910	4	4	0.15	1	0:00:00.171813
3915	4	4	0.21	1	0:00:00.171174
3920	7	7	0.248	1	0:00:00.171504
3925	1	1	0.97	1	0:00:00.171867
3930	1	1	0.97	1	0:00:00.171521
3935	4	4	0.457	1	0:00:00.171374
3940	6	6	0.0	0	0:00:00.171439
3945	5	5	0.348	1	0:00:00.172031
3950	8	8	0.764	1	0:00:00.171800
3955	0	0	0.97	1	0:00:00.171254
3960	2	2	0.97	1	0:00:00.171306
3965	0	0	0.97	1	0:00:00.171140
3970	9	3	0.136	0	0:00:00.171593
3975	7	7	0.97	1	0:00:00.171531
3980	9	9	0.0434	1	0:00:00.171709
3985	7	7	0.97	1	0:00:00.171699
3990	4	4	0.353	1	0:00:00.171069
3995	7	3	0.106	0	0:00:00.172248
4000	8	0	0.238	0	0:00:00.171879
4005	5	5	0.499	1	0:00:00.171819
4010	7	7	0.548	1	0:00:00.171647
4015	1	1	0.97	1	0:00:00.171170
4020	8	8	0.97	1	0:00:00.171844
4025	1	1	0.97	1	0:00:00.171862
4030	1	1	0.97	1	0:00:00.171440
4035	2	2	0.97	1	0:00:00.171807
4040	0	0	0.97	1	0:00:00.171579
4045	7	7	0.97	1	0:00:00.169542
4050	3	2	0.082	0	0:00:00.170439
4055	1	1	0.124	1	0:00:00.170157
4060	6	6	0.852	1	0:00:00.170395
4065	4	4	0.873	1	0:00:00.170533
4070	9	9	0.97	1	0:00:00.170382
4075	2	2	0.97	1	0:00:00.170271
4080	1	1	0.97	1	0:00:00.170017
4085	8	8	0.323	1	0:00:00.170386
4090	4	4	0.162	1	0:00:00.170556
4095	8	4	0.118	0	0:00:00.172704
4100	7	7	0.97	1	0:00:00.171332
4105	7	7	0.97	1	0:00:00.171496
4110	2	2	0.97	1	0:00:00.171749
4115	8	8	0.757	1	0:00:00.171499
4120	4	4	0.97	1	0:00:00.171324
4125	8	8	0.162	1	0:00:00.171688
4130	6	6	0.97	1	0:00:00.171437
4135	1	2	0.122	0	0:00:00.171205
4140	5	5	0.97	1	0:00:00.169507
4145	8	8	0.97	1	0:00:00.170445
4150	6	6	0.97	1	0:00:00.169742
4155	3	3	0.97	1	0:00:00.170178
4160	5	5	0.852	1	0:00:00.170161
4165	8	8	0.589	1	0:00:00.170419
4170	1	1	0.372	1	0:00:00.170459
4175	3	3	0.203	1	0:00:00.170599
4180	0	8	0.147	0	0:00:00.170658
4185	7	7	0.97	1	0:00:00.170439
4190	3	2	0.0736	0	0:00:00.172370
4195	3	3	0.97	1	0:00:00.171529
4200	4	4	0.585	1	0:00:00.171263
4205	4	4	0.344	1	0:00:00.171672
4210	3	3	0.251	1	0:00:00.171577
4215	1	1	0.658	1	0:00:00.171511
4220	4	0	0.667	0	0:00:00.172091
4225	5	5	0.97	1	0:00:00.171566
4230	6	3	0.0809	0	0:00:00.171374
4235	9	9	0.97	1	0:00:00.171951
4240	7	7	0.331	1	0:00:00.169925
4245	1	1	0.97	1	0:00:00.170403
4250	1	1	0.0519	1	0:00:00.170240
4255	9	9	0.831	1	0:00:00.170031
4260	8	8	0.97	1	0:00:00.170257
4265	6	6	0.205	1	0:00:00.170112
4270	0	0	0.84	1	0:00:00.169534
4275	5	5	0.537	1	0:00:00.170486
4280	8	9	0.0691	0	0:00:00.170545
4285	1	1	0.193	1	0:00:00.171772
4290	2	2	0.572	1	0:00:00.171760
4295	0	0	0.97	1	0:00:00.171687
4300	8	8	0.97	1	0:00:00.171676
4305	0	0	0.97	1	0:00:00.171217
4310	4	7	0.0415	0	0:00:00.171549
4315	6	2	0.127	0	0:00:00.171103
4320	1	1	0.113	1	0:00:00.171544
4325	6	6	0.97	1	0:00:00.171890
4330	9	9	0.97	1	0:00:00.171720
4335	9	9	0.97	1	0:00:00.171504
4340	0	0	0.97	1	0:00:00.171650
4345	6	6	0.389	1	0:00:00.171582
4350	4	4	0.97	1	0:00:00.171649
4355	0	3	0.182	0	0:00:00.171672
4360	6	3	0.115	0	0:00:00.171467
4365	9	9	0.97	1	0:00:00.171585
4370	8	8	0.97	1	0:00:00.170855
4375	3	3	0.14	1	0:00:00.171626
4380	9	9	0.97	1	0:00:00.171391
4385	8	8	0.498	1	0:00:00.174775
4390	5	5	0.97	1	0:00:00.174323
4395	7	7	0.97	1	0:00:00.174372
4400	3	4	0.222	0	0:00:00.173939
4405	6	6	0.97	1	0:00:00.173807
4410	9	9	0.97	1	0:00:00.174235
4415	0	0	0.97	1	0:00:00.173774
4420	5	5	0.377	1	0:00:00.174323
4425	1	1	0.97	1	0:00:00.174128
4430	1	1	0.97	1	0:00:00.174343
4435	3	3	0.873	1	0:00:00.173876
4440	2	2	0.481	1	0:00:00.174148
4445	9	9	0.684	1	0:00:00.173868
4450	0	0	0.144	1	0:00:00.174252
4455	8	8	0.97	1	0:00:00.173770
4460	9	9	0.97	1	0:00:00.174239
4465	6	4	0.136	0	0:00:00.173897
4470	0	0	0.97	1	0:00:00.174229
4475	1	1	0.97	1	0:00:00.174174
4480	9	9	0.97	1	0:00:00.174124
4485	3	7	0.0	0	0:00:00.174175
4490	0	0	0.97	1	0:00:00.174296
4495	3	3	0.873	1	0:00:00.174340
4500	3	3	0.506	1	0:00:00.174245
4505	4	4	0.97	1	0:00:00.174035
4510	0	0	0.97	1	0:00:00.173999
4515	0	0	0.97	1	0:00:00.173691
4520	3	3	0.291	1	0:00:00.174440
4525	0	0	0.643	1	0:00:00.174375
4530	5	5	0.242	1	0:00:00.174438
4535	2	2	0.873	1	0:00:00.174289
4540	9	9	0.97	1	0:00:00.174131
4545	3	3	0.873	1	0:00:00.174051
4550	9	3	0.437	0	0:00:00.174293
4555	5	7	0.041	0	0:00:00.174469
4560	1	1	0.97	1	0:00:00.173695
4565	2	4	0.852	0	0:00:00.174071
4570	9	9	0.632	1	0:00:00.174632
4575	6	6	0.873	1	0:00:00.174388
4580	6	4	0.0632	0	0:00:00.174059
4585	8	8	0.275	1	0:00:00.173707
4590	9	2	0.97	0	0:00:00.174281
4595	9	9	0.365	1	0:00:00.173995
4600	4	4	0.629	1	0:00:00.174291
4605	3	3	0.97	1	0:00:00.174163
4610	6	6	0.433	1	0:00:00.174347
4615	5	4	0.606	0	0:00:00.174309
4620	7	7	0.506	1	0:00:00.174718
4625	4	4	0.492	1	0:00:00.174398
4630	2	3	0.28	0	0:00:00.174195
4635	7	7	0.7	1	0:00:00.174300
4640	2	2	0.831	1	0:00:00.174506
4645	4	4	0.873	1	0:00:00.173968
4650	6	6	0.427	1	0:00:00.174265
4655	7	5	0.97	0	0:00:00.173781
4660	7	4	0.111	0	0:00:00.174024
4665	3	3	0.44	1	0:00:00.174117
4670	8	8	0.97	1	0:00:00.174480
4675	4	4	0.97	1	0:00:00.174364
4680	9	9	0.873	1	0:00:00.174488
4685	4	4	0.764	1	0:00:00.174070
4690	2	2	0.169	1	0:00:00.173925
4695	8	8	0.97	1	0:00:00.174007
4700	6	5	0.171	0	0:00:00.174239
4705	3	5	0.489	0	0:00:00.174094
4710	3	3	0.405	1	0:00:00.174061
4715	9	9	0.458	1	0:00:00.174454
4720	8	8	0.271	1	0:00:00.174304
4725	9	9	0.97	1	0:00:00.174118
4730	2	4	0.873	0	0:00:00.174208
4735	8	8	0.97	1	0:00:00.174381
4740	5	3	0.515	0	0:00:00.174454
4745	7	7	0.162	1	0:00:00.174154
4750	7	1	0.122	0	0:00:00.174504
4755	1	1	0.645	1	0:00:00.174162
4760	3	2	0.252	0	0:00:00.174544
4765	3	3	0.0784	1	0:00:00.174526
4770	9	9	0.301	1	0:00:00.174434
4775	2	3	0.74	0	0:00:00.174303
4780	0	0	0.764	1	0:00:00.174496
4785	3	3	0.548	1	0:00:00.174550
4790	1	9	0.361	0	0:00:00.174313
4795	5	3	0.772	0	0:00:00.173640
4800	9	9	0.97	1	0:00:00.174320
4805	5	3	0.823	0	0:00:00.174074
4810	5	5	0.97	1	0:00:00.174304
4815	9	9	0.97	1	0:00:00.174202
4820	3	3	0.342	1	0:00:00.174384
4825	7	2	0.109	0	0:00:00.174312
4830	3	5	0.0104	0	0:00:00.173913
4835	9	9	0.97	1	0:00:00.173941
4840	0	0	0.97	1	0:00:00.173799
4845	3	3	0.612	1	0:00:00.174351
4850	1	9	0.31	0	0:00:00.173925
4855	1	1	0.97	1	0:00:00.174440
4860	5	5	0.97	1	0:00:00.174018
4865	8	8	0.105	1	0:00:00.174076
4870	8	8	0.55	1	0:00:00.174174
4875	1	1	0.97	1	0:00:00.174037
4880	0	0	0.0609	1	0:00:00.174108
4885	2	2	0.97	1	0:00:00.174167
4890	1	1	0.97	1	0:00:00.174144
4895	1	1	0.97	1	0:00:00.174164
4900	3	1	0.296	0	0:00:00.174284
4905	7	7	0.97	1	0:00:00.174146
4910	8	8	0.209	1	0:00:00.174138
4915	5	5	0.97	1	0:00:00.173917
4920	7	7	0.97	1	0:00:00.174138
4925	5	5	0.113	1	0:00:00.174424
4930	1	1	0.0656	1	0:00:00.173980
4935	5	5	0.97	1	0:00:00.174033
4940	6	6	0.852	1	0:00:00.174115
4945	9	9	0.0686	1	0:00:00.174158
4950	2	2	0.97	1	0:00:00.174345
4955	2	8	0.335	0	0:00:00.174419
4960	4	4	0.0821	1	0:00:00.174507
4965	3	4	0.298	0	0:00:00.174016
4970	2	3	0.12	0	0:00:00.173909
4975	3	3	0.852	1	0:00:00.174135
4980	1	9	0.386	0	0:00:00.174167
4985	4	4	0.317	1	0:00:00.174089
4990	7	5	0.431	0	0:00:00.173811
4995	2	2	0.212	1	0:00:00.174066
5000	7	7	0.97	1	0:00:00.174234
5005	5	5	0.212	1	0:00:00.173974
5010	7	7	0.97	1	0:00:00.174253
5015	2	2	0.97	1	0:00:00.173945
5020	8	8	0.97	1	0:00:00.174024
5025	5	5	0.733	1	0:00:00.174255
5030	4	4	0.97	1	0:00:00.173876
5035	5	5	0.97	1	0:00:00.174234
5040	3	3	0.703	1	0:00:00.174205
5045	7	7	0.97	1	0:00:00.163996
5050	3	3	0.0627	1	0:00:00.172245
5055	0	0	0.97	1	0:00:00.170135
5060	6	6	0.468	1	0:00:00.170539
5065	0	0	0.97	1	0:00:00.170049
5070	7	3	0.107	0	0:00:00.170388
5075	6	6	0.111	1	0:00:00.169973
5080	7	7	0.97	1	0:00:00.169999
5085	2	2	0.179	1	0:00:00.170237
5090	1	1	0.479	1	0:00:00.170101
5095	8	8	0.672	1	0:00:00.170716
5100	3	3	0.97	1	0:00:00.172454
5105	7	7	0.97	1	0:00:00.170063
5110	8	8	0.97	1	0:00:00.170477
5115	5	5	0.84	1	0:00:00.170331
5120	9	9	0.44	1	0:00:00.170159
5125	1	1	0.97	1	0:00:00.170029
5130	5	8	0.0623	0	0:00:00.170249
5135	1	1	0.97	1	0:00:00.170574
5140	8	8	0.97	1	0:00:00.170150
5145	4	4	0.97	1	0:00:00.172391
5150	4	4	0.396	1	0:00:00.171384
5155	3	5	0.873	0	0:00:00.171669
5160	0	0	0.97	1	0:00:00.171082
5165	2	2	0.831	1	0:00:00.171166
5170	9	9	0.97	1	0:00:00.171106
5175	6	6	0.97	1	0:00:00.171518
5180	9	7	0.448	0	0:00:00.172231
5185	3	3	0.309	1	0:00:00.171729
5190	0	0	0.653	1	0:00:00.171401
5195	4	7	0.357	0	0:00:00.169902
5200	3	3	0.97	1	0:00:00.172504
5205	8	0	0.261	0	0:00:00.171937
5210	5	5	0.97	1	0:00:00.169314
5215	2	2	0.758	1	0:00:00.167935
5220	0	0	0.97	1	0:00:00.170423
5225	0	0	0.657	1	0:00:00.170871
5230	8	8	0.763	1	0:00:00.170093
5235	1	3	0.429	0	0:00:00.170270
5240	1	1	0.122	1	0:00:00.170668
5245	1	1	0.97	1	0:00:00.172405
5250	7	7	0.97	1	0:00:00.170331
5255	0	0	0.97	1	0:00:00.170029
5260	0	0	0.97	1	0:00:00.170321
5265	2	2	0.611	1	0:00:00.169947
5270	1	1	0.447	1	0:00:00.170079
5275	2	2	0.599	1	0:00:00.170495
5280	0	9	0.107	0	0:00:00.170326
5285	1	1	0.758	1	0:00:00.170138
5290	3	5	0.162	0	0:00:00.172379
5295	0	0	0.84	1	0:00:00.171523
5300	9	9	0.97	1	0:00:00.171778
5305	7	2	0.137	0	0:00:00.171642
5310	0	0	0.97	1	0:00:00.171513
5315	9	9	0.97	1	0:00:00.171485
5320	7	7	0.97	1	0:00:00.171333
5325	8	8	0.589	1	0:00:00.174794
5330	7	7	0.244	1	0:00:00.174600
5335	9	1	0.385	0	0:00:00.173906
5340	3	4	0.45	0	0:00:00.174366
5345	4	4	0.586	1	0:00:00.174115
5350	9	9	0.97	1	0:00:00.174255
5355	8	8	0.97	1	0:00:00.174408
5360	9	9	0.97	1	0:00:00.173636
5365	8	8	0.386	1	0:00:00.174177
5370	6	6	0.436	1	0:00:00.173942
5375	1	1	0.211	1	0:00:00.173940
5380	1	9	0.52	0	0:00:00.174154
5385	2	3	0.685	0	0:00:00.174150
5390	1	1	0.97	1	0:00:00.174725
5395	0	0	0.97	1	0:00:00.174504
5400	9	9	0.97	1	0:00:00.174154
5405	2	0	0.97	0	0:00:00.174102
5410	3	5	0.528	0	0:00:00.174258
5415	4	4	0.373	1	0:00:00.174116
5420	6	6	0.873	1	0:00:00.174191
5425	6	6	0.0	0	0:00:00.174371
5430	7	7	0.97	1	0:00:00.174623
5435	7	4	0.852	0	0:00:00.174008
5440	9	9	0.97	1	0:00:00.174048
5445	7	7	0.97	1	0:00:00.173909
5450	5	3	0.447	0	0:00:00.174208
5455	9	1	0.785	0	0:00:00.173958
5460	0	0	0.686	1	0:00:00.174147
5465	7	7	0.377	1	0:00:00.174503
5470	1	1	0.97	1	0:00:00.174446
5475	0	0	0.97	1	0:00:00.174385
5480	1	1	0.873	1	0:00:00.174639
5485	8	8	0.97	1	0:00:00.173934
5490	3	3	0.42	1	0:00:00.174011
5495	4	4	0.531	1	0:00:00.174415
5500	8	8	0.587	1	0:00:00.174814
5505	4	4	0.97	1	0:00:00.174533
5510	4	4	0.093	1	0:00:00.174568
5515	4	3	0.291	0	0:00:00.173998
5520	4	4	0.385	1	0:00:00.174061
5525	3	3	0.692	1	0:00:00.174266
5530	3	5	0.0	0	0:00:00.173771
5535	3	3	0.97	1	0:00:00.174096
5540	5	2	0.0	0	0:00:00.173921
5545	6	6	0.97	1	0:00:00.173862
5550	5	5	0.667	1	0:00:00.174318
5555	4	2	0.299	0	0:00:00.174086
5560	3	5	0.132	0	0:00:00.174461
5565	3	4	0.831	0	0:00:00.173551
5570	5	5	0.831	1	0:00:00.174445
5575	3	5	0.464	0	0:00:00.175013
5580	5	3	0.246	0	0:00:00.174289
5585	0	0	0.97	1	0:00:00.174347
5590	4	2	0.152	0	0:00:00.174394
5595	6	4	0.336	0	0:00:00.174363
5600	6	3	0.0744	0	0:00:00.173699
5605	3	3	0.447	1	0:00:00.174266
5610	8	8	0.294	1	0:00:00.174918
5615	5	5	0.97	1	0:00:00.166924
5620	3	2	0.315	0	0:00:00.170363
5625	5	5	0.852	1	0:00:00.172252
5630	3	4	0.392	0	0:00:00.172803
5635	7	7	0.97	1	0:00:00.171591
5640	2	9	0.0674	0	0:00:00.169357
5645	5	5	0.293	1	0:00:00.170881
5650	5	5	0.477	1	0:00:00.170504
5655	3	1	0.165	0	0:00:00.170011
5660	9	9	0.488	1	0:00:00.170445
5665	2	0	0.97	0	0:00:00.170476
5670	4	4	0.198	1	0:00:00.170091
5675	7	7	0.852	1	0:00:00.172445
5680	2	3	0.07	0	0:00:00.171513
5685	1	1	0.97	1	0:00:00.171418
5690	7	3	0.103	0	0:00:00.171922
5695	7	7	0.97	1	0:00:00.171607
5700	3	3	0.331	1	0:00:00.171753
5705	2	2	0.639	1	0:00:00.171503
5710	6	6	0.393	1	0:00:00.171960
5715	6	6	0.97	1	0:00:00.171302
5720	9	9	0.97	1	0:00:00.171415
5725	5	3	0.542	0	0:00:00.172081
5730	5	9	0.274	0	0:00:00.171654
5735	0	0	0.97	1	0:00:00.171489
5740	6	4	0.367	0	0:00:00.171877
5745	5	5	0.426	1	0:00:00.171323
5750	6	6	0.636	1	0:00:00.171895
5755	4	4	0.616	1	0:00:00.171665
5760	2	2	0.758	1	0:00:00.166950
5765	9	9	0.97	1	0:00:00.170405
5770	8	8	0.97	1	0:00:00.172089
5775	7	7	0.252	1	0:00:00.170269
5780	7	7	0.97	1	0:00:00.170675
5785	2	2	0.97	1	0:00:00.170090
5790	9	9	0.97	1	0:00:00.170054
5795	7	4	0.233	0	0:00:00.170341
5800	2	2	0.725	1	0:00:00.169822
5805	1	1	0.97	1	0:00:00.170013
5810	5	5	0.97	1	0:00:00.170527
5815	3	3	0.74	1	0:00:00.170888
5820	5	5	0.101	1	0:00:00.172295
5825	3	6	0.745	0	0:00:00.171247
5830	5	6	0.97	0	0:00:00.171171
5835	3	5	0.378	0	0:00:00.171587
5840	2	5	0.315	0	0:00:00.171439
5845	5	5	0.97	1	0:00:00.171550
5850	6	4	0.831	0	0:00:00.171129
5855	7	2	0.705	0	0:00:00.171928
5860	0	0	0.97	1	0:00:00.171807
5865	6	6	0.7	1	0:00:00.171062
5870	7	7	0.17	1	0:00:00.171668
5875	1	1	0.97	1	0:00:00.171591
5880	0	0	0.97	1	0:00:00.171734
5885	4	4	0.97	1	0:00:00.171661
5890	3	3	0.273	1	0:00:00.171499
5895	6	6	0.97	1	0:00:00.171496
5900	4	3	0.236	0	0:00:00.174721
5905	1	1	0.97	1	0:00:00.174392
5910	2	5	0.657	0	0:00:00.173919
5915	5	3	0.808	0	0:00:00.174678
5920	8	8	0.97	1	0:00:00.174383
5925	3	6	0.302	0	0:00:00.174027
5930	5	2	0.0998	0	0:00:00.174794
5935	6	6	0.97	1	0:00:00.174240
5940	7	7	0.436	1	0:00:00.174181
5945	9	9	0.97	1	0:00:00.174130
5950	9	9	0.707	1	0:00:00.174197
5955	5	4	0.508	0	0:00:00.174000
5960	2	6	0.131	0	0:00:00.173964
5965	7	7	0.97	1	0:00:00.174670
5970	1	1	0.97	1	0:00:00.174573
5975	9	9	0.97	1	0:00:00.173830
5980	9	9	0.97	1	0:00:00.174060
5985	4	4	0.426	1	0:00:00.174657
5990	8	8	0.187	1	0:00:00.174458
5995	0	0	0.97	1	0:00:00.173989
6000	8	8	0.46	1	0:00:00.174241
6005	4	4	0.715	1	0:00:00.174719
6010	1	2	0.455	0	0:00:00.174391
6015	0	0	0.764	1	0:00:00.174442
6020	6	6	0.97	1	0:00:00.173841
6025	6	6	0.11	1	0:00:00.174134
6030	8	8	0.703	1	0:00:00.174425
6035	5	3	0.873	0	0:00:00.174246
6040	2	3	0.00774	0	0:00:00.174157
6045	8	8	0.97	1	0:00:00.174995
6050	2	4	0.0476	0	0:00:00.174480
6055	0	0	0.292	1	0:00:00.174663
6060	3	4	0.156	0	0:00:00.174298
6065	5	4	0.127	0	0:00:00.174164
6070	8	9	0.175	0	0:00:00.174043
6075	3	6	0.0739	0	0:00:00.174457
6080	1	1	0.852	1	0:00:00.174432
6085	2	6	0.227	0	0:00:00.174016
6090	1	1	0.97	1	0:00:00.173708
6095	9	9	0.706	1	0:00:00.174533
6100	1	1	0.97	1	0:00:00.173925
6105	0	0	0.97	1	0:00:00.174221
6110	9	9	0.97	1	0:00:00.173995
6115	8	8	0.97	1	0:00:00.174321
6120	5	5	0.97	1	0:00:00.174212
6125	8	8	0.823	1	0:00:00.174617
6130	1	1	0.521	1	0:00:00.173941
6135	3	3	0.069	1	0:00:00.173532
6140	9	9	0.97	1	0:00:00.174361
6145	2	3	0.536	0	0:00:00.174336
6150	1	1	0.97	1	0:00:00.174319
6155	8	8	0.97	1	0:00:00.174477
6160	2	2	0.524	1	0:00:00.174114
6165	5	3	0.312	0	0:00:00.174168
6170	2	3	0.206	0	0:00:00.174173
6175	3	3	0.265	1	0:00:00.174045
6180	0	0	0.725	1	0:00:00.174290
6185	5	3	0.468	0	0:00:00.174429
6190	4	4	0.376	1	0:00:00.174397
6195	1	1	0.363	1	0:00:00.174601
6200	3	3	0.852	1	0:00:00.174475
6205	1	1	0.97	1	0:00:00.174431
6210	4	3	0.395	0	0:00:00.174212
6215	2	2	0.284	1	0:00:00.174423
6220	2	5	0.162	0	0:00:00.174207
6225	3	3	0.852	1	0:00:00.174289
6230	2	2	0.628	1	0:00:00.174325
6235	6	6	0.612	1	0:00:00.174262
6240	2	2	0.628	1	0:00:00.173879
6245	6	6	0.97	1	0:00:00.173891
6250	4	7	0.521	0	0:00:00.174870
6255	6	6	0.873	1	0:00:00.174365
6260	2	2	0.0245	1	0:00:00.174389
6265	4	4	0.97	1	0:00:00.174731
6270	2	6	0.42	0	0:00:00.174006
6275	9	9	0.134	1	0:00:00.174019
6280	8	5	0.513	0	0:00:00.174038
6285	8	8	0.164	1	0:00:00.174133
6290	9	1	0.216	0	0:00:00.174416
6295	8	8	0.97	1	0:00:00.174314
6300	1	1	0.667	1	0:00:00.174132
6305	6	6	0.367	1	0:00:00.174220
6310	5	5	0.97	1	0:00:00.174174
6315	6	5	0.367	0	0:00:00.174199
6320	0	0	0.97	1	0:00:00.174181
6325	7	7	0.97	1	0:00:00.173804
6330	6	6	0.97	1	0:00:00.174341
6335	2	2	0.97	1	0:00:00.174359
6340	3	3	0.536	1	0:00:00.174784
6345	3	4	0.0632	0	0:00:00.174194
6350	0	0	0.97	1	0:00:00.173916
6355	0	0	0.97	1	0:00:00.174169
6360	2	2	0.25	1	0:00:00.173986
6365	7	7	0.649	1	0:00:00.174443
6370	6	3	0.464	0	0:00:00.175033
6375	3	2	0.266	0	0:00:00.174257
6380	3	3	0.417	1	0:00:00.174224
6385	5	5	0.596	1	0:00:00.174091
6390	7	7	0.97	1	0:00:00.174325
6395	8	8	0.648	1	0:00:00.174122
6400	0	0	0.406	1	0:00:00.173828
6405	1	1	0.337	1	0:00:00.174312
6410	1	1	0.97	1	0:00:00.173922
6415	1	1	0.97	1	0:00:00.174200
6420	7	7	0.97	1	0:00:00.174068
6425	2	2	0.685	1	0:00:00.174281
6430	1	1	0.205	1	0:00:00.174197
6435	9	9	0.97	1	0:00:00.174335
6440	3	3	0.188	1	0:00:00.174142
6445	1	1	0.97	1	0:00:00.173674
6450	0	0	0.97	1	0:00:00.174127
6455	6	6	0.97	1	0:00:00.173784
6460	3	3	0.632	1	0:00:00.173846
6465	3	3	0.97	1	0:00:00.174310
6470	1	1	0.127	1	0:00:00.174551
6475	2	2	0.852	1	0:00:00.173755
6480	0	0	0.84	1	0:00:00.173617
6485	9	9	0.97	1	0:00:00.174611
6490	8	9	0.376	0	0:00:00.174390
6495	7	7	0.97	1	0:00:00.174047
6500	7	6	0.107	0	0:00:00.174373
6505	4	4	0.153	1	0:00:00.174154
6510	4	6	0.168	0	0:00:00.174121
6515	2	2	0.448	1	0:00:00.174192
6520	6	4	0.123	0	0:00:00.173958
6525	3	3	0.603	1	0:00:00.173544
6530	3	3	0.585	1	0:00:00.174165
6535	5	5	0.628	1	0:00:00.174632
6540	8	8	0.97	1	0:00:00.174427
6545	9	0	0.573	0	0:00:00.174308
6550	1	1	0.97	1	0:00:00.173633
6555	1	1	0.97	1	0:00:00.174125
6560	6	6	0.97	1	0:00:00.174062
6565	9	9	0.226	1	0:00:00.174002
6570	9	9	0.128	1	0:00:00.174192
6575	3	3	0.483	1	0:00:00.174419
6580	1	8	0.0774	0	0:00:00.174074
6585	1	1	0.97	1	0:00:00.173885
6590	5	5	0.808	1	0:00:00.174187
6595	2	2	0.2	1	0:00:00.174273
6600	7	7	0.97	1	0:00:00.174262
6605	6	6	0.441	1	0:00:00.174273
6610	8	8	0.97	1	0:00:00.173877
6615	7	7	0.97	1	0:00:00.174503
6620	7	7	0.97	1	0:00:00.174200
6625	4	6	0.0809	0	0:00:00.173975
6630	7	7	0.699	1	0:00:00.174036
6635	6	6	0.176	1	0:00:00.174129
6640	5	3	0.97	0	0:00:00.174346
6645	6	3	0.299	0	0:00:00.174466
6650	0	0	0.97	1	0:00:00.174010
6655	1	1	0.548	1	0:00:00.173862
6660	0	0	0.97	1	0:00:00.174277
6665	4	5	0.0653	0	0:00:00.174163
6670	3	3	0.193	1	0:00:00.174113
6675	2	2	0.97	1	0:00:00.174360
6680	3	3	0.758	1	0:00:00.174301
6685	1	1	0.293	1	0:00:00.173617
6690	5	5	0.873	1	0:00:00.174103
6695	4	4	0.322	1	0:00:00.174065
6700	6	6	0.97	1	0:00:00.173982
6705	3	2	0.0452	0	0:00:00.174164
6710	3	3	0.97	1	0:00:00.174176
6715	2	6	0.267	0	0:00:00.174058
6720	2	2	0.591	1	0:00:00.174569
6725	8	8	0.97	1	0:00:00.173968
6730	8	8	0.97	1	0:00:00.174343
6735	9	9	0.663	1	0:00:00.174348
6740	2	2	0.311	1	0:00:00.173924
6745	7	7	0.817	1	0:00:00.173727
6750	4	3	0.667	0	0:00:00.174187
6755	9	9	0.97	1	0:00:00.174492
6760	5	5	0.97	1	0:00:00.173451
6765	8	8	0.188	1	0:00:00.174161
6770	1	1	0.97	1	0:00:00.174293
6775	0	0	0.97	1	0:00:00.173999
6780	7	7	0.97	1	0:00:00.174183
6785	6	6	0.12	1	0:00:00.174348
6790	7	5	0.557	0	0:00:00.174438
6795	9	5	0.162	0	0:00:00.173933
6800	6	6	0.486	1	0:00:00.174457
6805	1	1	0.97	1	0:00:00.174378
6810	8	8	0.97	1	0:00:00.173976
6815	0	0	0.97	1	0:00:00.174077
6820	1	1	0.97	1	0:00:00.174397
6825	3	3	0.97	1	0:00:00.174353
6830	1	1	0.688	1	0:00:00.173774
6835	5	3	0.59	0	0:00:00.174396
6840	9	9	0.97	1	0:00:00.173992
6845	2	2	0.208	1	0:00:00.173680
6850	6	6	0.873	1	0:00:00.173904
6855	4	6	0.128	0	0:00:00.174402
6860	0	0	0.97	1	0:00:00.174720
6865	3	3	0.244	1	0:00:00.174348
6870	7	7	0.624	1	0:00:00.174390
6875	5	5	0.97	1	0:00:00.174263
6880	2	2	0.97	1	0:00:00.174013
6885	0	0	0.97	1	0:00:00.174292
6890	5	5	0.347	1	0:00:00.173965
6895	2	2	0.97	1	0:00:00.174195
6900	3	3	0.97	1	0:00:00.174625
6905	2	2	0.151	1	0:00:00.174140
6910	7	7	0.97	1	0:00:00.174588
6915	1	1	0.831	1	0:00:00.174345
6920	5	2	0.117	0	0:00:00.173886
6925	2	2	0.97	1	0:00:00.173770
6930	2	0	0.685	0	0:00:00.174444
6935	7	7	0.97	1	0:00:00.174228
6940	1	1	0.97	1	0:00:00.173922
6945	5	5	0.97	1	0:00:00.174186
6950	8	0	0.771	0	0:00:00.174339
6955	7	7	0.97	1	0:00:00.174093
6960	9	9	0.388	1	0:00:00.174663
6965	6	3	0.97	0	0:00:00.174294
6970	0	5	0.387	0	0:00:00.173951
6975	8	1	0.166	0	0:00:00.173993
6980	0	0	0.478	1	0:00:00.173621
6985	0	4	0.506	0	0:00:00.174099
6990	3	3	0.97	1	0:00:00.174596
6995	1	1	0.715	1	0:00:00.174275
7000	2	8	0.19	0	0:00:00.174105
7005	1	8	0.255	0	0:00:00.174711
7010	0	0	0.97	1	0:00:00.174384
7015	3	3	0.686	1	0:00:00.174155
7020	7	7	0.97	1	0:00:00.173773
7025	6	6	0.97	1	0:00:00.174087
7030	8	8	0.781	1	0:00:00.174324
7035	1	1	0.14	1	0:00:00.174406
7040	7	0	0.0809	0	0:00:00.174220
7045	3	3	0.192	1	0:00:00.174500
7050	8	8	0.345	1	0:00:00.174133
7055	8	8	0.435	1	0:00:00.174002
7060	8	8	0.97	1	0:00:00.174435
7065	2	2	0.333	1	0:00:00.174523
7070	7	7	0.831	1	0:00:00.173859
7075	9	9	0.97	1	0:00:00.174452
7080	5	4	0.7	0	0:00:00.174258
7085	5	5	0.0455	1	0:00:00.173907
7090	2	3	0.364	0	0:00:00.174059
7095	4	2	0.208	0	0:00:00.173994
7100	9	3	0.575	0	0:00:00.174536
7105	3	3	0.97	1	0:00:00.174526
7110	3	5	0.302	0	0:00:00.174320
7115	0	0	0.97	1	0:00:00.174255
7120	7	7	0.537	1	0:00:00.174010
7125	5	5	0.789	1	0:00:00.173943
7130	6	6	0.97	1	0:00:00.174078
7135	4	4	0.97	1	0:00:00.173749
7140	4	4	0.325	1	0:00:00.174450
7145	3	3	0.665	1	0:00:00.174722
7150	3	0	0.25	0	0:00:00.174075
7155	9	9	0.729	1	0:00:00.174024
7160	5	5	0.65	1	0:00:00.174290
7165	0	0	0.21	1	0:00:00.173635
7170	9	9	0.97	1	0:00:00.174090
7175	7	7	0.762	1	0:00:00.174441
7180	6	6	0.97	1	0:00:00.174371
7185	8	8	0.97	1	0:00:00.174296
7190	2	2	0.48	1	0:00:00.174499
7195	7	7	0.121	1	0:00:00.174923
7200	4	4	0.289	1	0:00:00.174358
7205	6	2	0.424	0	0:00:00.174037
7210	3	6	0.143	0	0:00:00.174473
7215	1	1	0.97	1	0:00:00.174574
7220	9	9	0.76	1	0:00:00.174379
7225	1	1	0.97	1	0:00:00.174211
7230	2	2	0.873	1	0:00:00.174065
7235	2	2	0.335	1	0:00:00.174027
7240	0	0	0.386	1	0:00:00.174401
7245	4	4	0.97	1	0:00:00.174259
7250	8	8	0.97	1	0:00:00.173893
7255	3	6	0.4	0	0:00:00.174037
7260	1	1	0.97	1	0:00:00.174043
7265	5	3	0.146	0	0:00:00.174171
7270	9	9	0.97	1	0:00:00.173820
7275	3	5	0.497	0	0:00:00.174187
7280	1	1	0.135	1	0:00:00.174048
7285	1	1	0.561	1	0:00:00.174301
7290	6	3	0.513	0	0:00:00.174357
7295	5	5	0.97	1	0:00:00.174141
7300	3	4	0.147	0	0:00:00.174383
7305	6	6	0.228	1	0:00:00.174200
7310	3	5	0.97	0	0:00:00.174173
7315	0	0	0.437	1	0:00:00.174310
7320	8	8	0.547	1	0:00:00.173964
7325	4	4	0.97	1	0:00:00.174721
7330	5	3	0.589	0	0:00:00.174338
7335	4	4	0.97	1	0:00:00.174325
7340	2	4	0.27	0	0:00:00.174613
7345	6	6	0.97	1	0:00:00.174380
7350	9	1	0.0675	0	0:00:00.174575
7355	7	7	0.97	1	0:00:00.174249
7360	2	2	0.243	1	0:00:00.174302
7365	4	4	0.673	1	0:00:00.174009
7370	3	8	0.323	0	0:00:00.174401
7375	2	2	0.279	1	0:00:00.174235
7380	7	7	0.97	1	0:00:00.174185
7385	9	9	0.97	1	0:00:00.173844
7390	6	9	0.161	0	0:00:00.174172
7395	2	3	0.115	0	0:00:00.174517
7400	3	3	0.543	1	0:00:00.174283
7405	7	7	0.97	1	0:00:00.174128
7410	4	6	0.0929	0	0:00:00.174099
7415	3	3	0.725	1	0:00:00.174371
7420	3	3	0.158	1	0:00:00.173881
7425	2	6	0.132	0	0:00:00.174083
7430	2	6	0.145	0	0:00:00.174764
7435	7	4	0.255	0	0:00:00.174295
7440	3	3	0.831	1	0:00:00.174208
7445	6	6	0.97	1	0:00:00.174342
7450	1	1	0.97	1	0:00:00.173919
7455	1	9	0.651	0	0:00:00.174183
7460	5	5	0.97	1	0:00:00.174279
7465	0	0	0.575	1	0:00:00.173950
7470	9	9	0.03	1	0:00:00.174618
7475	3	3	0.672	1	0:00:00.173779
7480	1	1	0.12	1	0:00:00.174459
7485	8	8	0.97	1	0:00:00.174328
7490	4	4	0.97	1	0:00:00.173862
7495	7	7	0.97	1	0:00:00.174105
7500	6	6	0.97	1	0:00:00.174666
7505	7	7	0.97	1	0:00:00.174047
7510	8	8	0.97	1	0:00:00.173785
7515	8	8	0.408	1	0:00:00.174108
7520	4	4	0.764	1	0:00:00.174051
7525	8	8	0.97	1	0:00:00.174220
7530	2	0	0.0794	0	0:00:00.174380
7535	1	1	0.97	1	0:00:00.173800
7540	5	5	0.97	1	0:00:00.174151
7545	5	5	0.0697	1	0:00:00.174286
7550	4	4	0.97	1	0:00:00.174085
7555	1	1	0.97	1	0:00:00.174117
7560	0	0	0.852	1	0:00:00.174304
7565	1	1	0.97	1	0:00:00.173783
7570	1	1	0.97	1	0:00:00.173879
7575	8	8	0.97	1	0:00:00.173798
7580	8	8	0.761	1	0:00:00.173991
7585	6	6	0.97	1	0:00:00.174114
7590	2	4	0.97	0	0:00:00.173914
7595	1	1	0.302	1	0:00:00.174240
7600	8	9	0.636	0	0:00:00.174201
7605	2	4	0.243	0	0:00:00.173968
7610	7	7	0.566	1	0:00:00.174085
7615	5	6	0.57	0	0:00:00.173933
7620	5	3	0.602	0	0:00:00.174207
7625	7	7	0.25	1	0:00:00.174338
7630	9	9	0.97	1	0:00:00.174316
7635	9	9	0.873	1	0:00:00.174062
7640	9	9	0.441	1	0:00:00.174367
7645	0	0	0.705	1	0:00:00.173969
7650	2	2	0.436	1	0:00:00.174311
7655	8	8	0.528	1	0:00:00.173697
7660	7	7	0.513	1	0:00:00.174175
7665	9	9	0.97	1	0:00:00.173687
7670	2	2	0.531	1	0:00:00.174256
7675	8	3	0.2	0	0:00:00.174208
7680	3	5	0.131	0	0:00:00.174059
7685	9	9	0.371	1	0:00:00.173924
7690	6	6	0.97	1	0:00:00.173856
7695	8	8	0.97	1	0:00:00.173797
7700	6	6	0.97	1	0:00:00.173853
7705	7	4	0.571	0	0:00:00.173991
7710	9	9	0.97	1	0:00:00.174257
7715	1	1	0.97	1	0:00:00.174561
7720	5	5	0.779	1	0:00:00.174478
7725	4	4	0.97	1	0:00:00.174470
7730	4	3	0.0259	0	0:00:00.174530
7735	4	3	0.181	0	0:00:00.173955
7740	4	4	0.414	1	0:00:00.174204
7745	7	7	0.97	1	0:00:00.174177
7750	3	4	0.544	0	0:00:00.174411
7755	7	7	0.97	1	0:00:00.174087
7760	2	9	0.193	0	0:00:00.174214
7765	8	8	0.97	1	0:00:00.174025
7770	9	9	0.97	1	0:00:00.174472
7775	2	2	0.401	1	0:00:00.173857
7780	3	8	0.368	0	0:00:00.174499
7785	4	6	0.0268	0	0:00:00.174592
7790	8	8	0.313	1	0:00:00.174467
7795	5	3	0.212	0	0:00:00.174292
7800	0	0	0.97	1	0:00:00.174248
7805	9	9	0.15	1	0:00:00.174279
7810	6	6	0.97	1	0:00:00.173951
7815	0	0	0.22	1	0:00:00.174030
7820	5	5	0.518	1	0:00:00.174220
7825	3	3	0.97	1	0:00:00.174016
7830	2	2	0.0676	1	0:00:00.173807
7835	0	0	0.97	1	0:00:00.174271
7840	1	1	0.97	1	0:00:00.173970
7845	2	2	0.97	1	0:00:00.174087
7850	0	0	0.358	1	0:00:00.173932
7855	2	2	0.831	1	0:00:00.173986
7860	8	8	0.97	1	0:00:00.174250
7865	3	3	0.41	1	0:00:00.174071
7870	6	6	0.97	1	0:00:00.174211
7875	2	2	0.342	1	0:00:00.173910
7880	0	0	0.831	1	0:00:00.174124
7885	3	3	0.532	1	0:00:00.174042
7890	6	6	0.873	1	0:00:00.174426
7895	4	6	0.356	0	0:00:00.173949
7900	0	0	0.162	1	0:00:00.174257
7905	3	3	0.873	1	0:00:00.174604
7910	3	5	0.162	0	0:00:00.174075
7915	3	3	0.873	1	0:00:00.174484
7920	9	9	0.97	1	0:00:00.173681
7925	0	0	0.97	1	0:00:00.173950
7930	2	2	0.817	1	0:00:00.174292
7935	7	7	0.241	1	0:00:00.174340
7940	2	6	0.346	0	0:00:00.174062
7945	6	6	0.314	1	0:00:00.174241
7950	9	9	0.97	1	0:00:00.174334
7955	9	9	0.852	1	0:00:00.174174
7960	0	0	0.817	1	0:00:00.174689
7965	7	7	0.97	1	0:00:00.174124
7970	3	3	0.0452	1	0:00:00.083050
7975	2	2	0.426	1	0:00:00.083051
7980	3	3	0.852	1	0:00:00.083042
7985	5	5	0.0301	1	0:00:00.083143
7990	0	0	0.219	1	0:00:00.084358
7995	8	8	0.97	1	0:00:00.083277
8000	9	9	0.97	1	0:00:00.083083
8005	1	1	0.97	1	0:00:00.082989
8010	2	5	0.179	0	0:00:00.082939
8015	8	8	0.764	1	0:00:00.083057
8020	6	3	0.473	0	0:00:00.083053
8025	5	5	0.97	1	0:00:00.082951
8030	2	2	0.75	1	0:00:00.082994
8035	1	1	0.406	1	0:00:00.083081
8040	2	2	0.97	1	0:00:00.083046
8045	5	5	0.46	1	0:00:00.082965
8050	7	7	0.97	1	0:00:00.082999
8055	2	6	0.223	0	0:00:00.082973
8060	6	6	0.97	1	0:00:00.082941
8065	9	9	0.873	1	0:00:00.083053
8070	5	5	0.97	1	0:00:00.082888
8075	8	8	0.97	1	0:00:00.082973
8080	4	4	0.789	1	0:00:00.083003
8085	2	2	0.831	1	0:00:00.083030
8090	6	6	0.105	1	0:00:00.083014
8095	2	2	0.97	1	0:00:00.082906
8100	6	2	0.873	0	0:00:00.083078
8105	0	8	0.075	0	0:00:00.083019
8110	5	6	0.97	0	0:00:00.082989
8115	5	7	0.182	0	0:00:00.082994
8120	8	8	0.706	1	0:00:00.083065
8125	8	8	0.341	1	0:00:00.083018
8130	6	6	0.636	1	0:00:00.082985
8135	7	3	0.583	0	0:00:00.083040
8140	5	4	0.247	0	0:00:00.082990
8145	9	9	0.0407	1	0:00:00.083045
8150	6	6	0.97	1	0:00:00.082986
8155	1	1	0.97	1	0:00:00.082996
8160	6	6	0.97	1	0:00:00.083085
8165	1	1	0.873	1	0:00:00.083068
8170	5	5	0.97	1	0:00:00.082929
8175	3	4	0.134	0	0:00:00.083015
8180	4	4	0.97	1	0:00:00.083021
8185	0	0	0.97	1	0:00:00.082914
8190	4	6	0.873	0	0:00:00.083054
8195	8	8	0.97	1	0:00:00.082942
8200	3	4	0.148	0	0:00:00.083005
8205	2	2	0.873	1	0:00:00.082983
8210	0	0	0.97	1	0:00:00.082985
8215	1	1	0.97	1	0:00:00.083025
8220	6	6	0.0744	1	0:00:00.082976
8225	9	9	0.97	1	0:00:00.082993
8230	0	0	0.97	1	0:00:00.082959
8235	7	7	0.97	1	0:00:00.082933
8240	7	7	0.97	1	0:00:00.082916
8245	3	5	0.0645	0	0:00:00.083035
8250	6	6	0.97	1	0:00:00.082969
8255	9	9	0.97	1	0:00:00.083034
8260	1	1	0.97	1	0:00:00.082965
8265	0	0	0.97	1	0:00:00.082996
8270	6	6	0.97	1	0:00:00.082907
8275	3	3	0.462	1	0:00:00.083041
8280	4	5	0.532	0	0:00:00.083010
8285	9	9	0.97	1	0:00:00.082997
8290	8	0	0.12	0	0:00:00.083017
8295	3	5	0.393	0	0:00:00.083045
8300	5	3	0.0	0	0:00:00.082954
8305	4	6	0.0527	0	0:00:00.082950
8310	3	3	0.715	1	0:00:00.083034
8315	6	6	0.214	1	0:00:00.083041
8320	7	7	0.817	1	0:00:00.082904
8325	8	0	0.558	0	0:00:00.082999
8330	5	5	0.97	1	0:00:00.082993
8335	7	3	0.355	0	0:00:00.082869
8340	5	5	0.797	1	0:00:00.083009
8345	9	9	0.673	1	0:00:00.083030
8350	9	9	0.764	1	0:00:00.083127
8355	9	9	0.97	1	0:00:00.082984
8360	7	7	0.97	1	0:00:00.082975
8365	6	6	0.97	1	0:00:00.083054
8370	4	4	0.302	1	0:00:00.082993
8375	4	3	0.0813	0	0:00:00.083019
8380	9	9	0.97	1	0:00:00.083019
8385	9	1	0.195	0	0:00:00.082955
8390	1	1	0.97	1	0:00:00.083027
8395	1	1	0.332	1	0:00:00.082986
8400	0	0	0.626	1	0:00:00.082979
8405	0	2	0.48	0	0:00:00.082983
8410	5	3	0.281	0	0:00:00.082960
8415	0	0	0.97	1	0:00:00.082970
8420	3	6	0.514	0	0:00:00.083053
8425	6	2	0.132	0	0:00:00.082962
8430	9	9	0.97	1	0:00:00.082923
8435	3	3	0.476	1	0:00:00.082926
8440	5	5	0.232	1	0:00:00.083017
8445	1	1	0.97	1	0:00:00.082987
8450	9	3	0.09	0	0:00:00.083027
8455	1	1	0.97	1	0:00:00.082987
8460	8	8	0.97	1	0:00:00.082962
8465	9	9	0.97	1	0:00:00.083003
8470	8	8	0.725	1	0:00:00.083091
8475	9	4	0.0	0	0:00:00.082942
8480	2	2	0.529	1	0:00:00.083021
8485	0	0	0.97	1	0:00:00.082946
8490	3	3	0.38	1	0:00:00.083045
8495	1	1	0.97	1	0:00:00.082908
8500	4	4	0.97	1	0:00:00.082984
8505	5	5	0.61	1	0:00:00.083029
8510	7	7	0.97	1	0:00:00.082994
8515	8	8	0.97	1	0:00:00.083013
8520	8	8	0.422	1	0:00:00.083030
8525	3	3	0.385	1	0:00:00.083028
8530	8	8	0.873	1	0:00:00.082924
8535	7	7	0.308	1	0:00:00.082994
8540	4	4	0.5	1	0:00:00.083049
8545	6	6	0.418	1	0:00:00.083012
8550	1	1	0.97	1	0:00:00.083023
8555	5	5	0.193	1	0:00:00.083047
8560	7	7	0.97	1	0:00:00.083012
8565	7	7	0.97	1	0:00:00.082990
8570	6	6	0.511	1	0:00:00.083021
8575	9	9	0.97	1	0:00:00.082991
8580	3	5	0.199	0	0:00:00.083051
8585	9	9	0.84	1	0:00:00.083274
8590	0	0	0.581	1	0:00:00.083014
8595	1	1	0.97	1	0:00:00.082990
8600	3	3	0.0617	1	0:00:00.082990
8605	6	6	0.852	1	0:00:00.082988
8610	2	2	0.608	1	0:00:00.083010
8615	9	9	0.693	1	0:00:00.083024
8620	3	3	0.466	1	0:00:00.083030
8625	5	5	0.0656	1	0:00:00.082899
8630	5	5	0.97	1	0:00:00.082989
8635	6	6	0.35	1	0:00:00.083090
8640	1	1	0.474	1	0:00:00.083030
8645	1	1	0.97	1	0:00:00.082999
8650	2	2	0.495	1	0:00:00.082997
8655	8	8	0.97	1	0:00:00.082847
8660	7	7	0.97	1	0:00:00.083057
8665	3	3	0.618	1	0:00:00.083001
8670	9	6	0.323	0	0:00:00.082974
8675	7	7	0.97	1	0:00:00.082887
8680	3	3	0.096	1	0:00:00.082970
8685	7	7	0.823	1	0:00:00.083036
8690	8	8	0.817	1	0:00:00.083007
8695	4	4	0.97	1	0:00:00.083004
8700	3	3	0.787	1	0:00:00.082947
8705	6	6	0.165	1	0:00:00.082962
8710	7	7	0.538	1	0:00:00.083086
8715	2	2	0.444	1	0:00:00.083083
8720	2	0	0.97	0	0:00:00.082972
8725	8	8	0.97	1	0:00:00.083019
8730	2	4	0.0575	0	0:00:00.082922
8735	3	3	0.36	1	0:00:00.082997
8740	2	2	0.123	1	0:00:00.082988
8745	5	5	0.97	1	0:00:00.082975
8750	9	9	0.97	1	0:00:00.083066
8755	6	6	0.97	1	0:00:00.082942
8760	8	8	0.97	1	0:00:00.082976
8765	2	3	0.0	0	0:00:00.082840
8770	6	3	0.406	0	0:00:00.083025
8775	1	3	0.149	0	0:00:00.082956
8780	4	4	0.787	1	0:00:00.082891
8785	8	8	0.97	1	0:00:00.082894
8790	0	0	0.354	1	0:00:00.083063
8795	0	0	0.97	1	0:00:00.082932
8800	0	0	0.8	1	0:00:00.083007
8805	9	9	0.97	1	0:00:00.082947
8810	2	3	0.261	0	0:00:00.083118
8815	3	5	0.746	0	0:00:00.083078
8820	2	2	0.97	1	0:00:00.082963
8825	0	8	0.633	0	0:00:00.083024
8830	9	9	0.97	1	0:00:00.082956
8835	7	7	0.97	1	0:00:00.082920
8840	2	2	0.299	1	0:00:00.082998
8845	2	2	0.97	1	0:00:00.082954
8850	1	1	0.679	1	0:00:00.083004
8855	4	2	0.0681	0	0:00:00.083005
8860	2	2	0.97	1	0:00:00.082939
8865	7	7	0.97	1	0:00:00.082910
8870	5	5	0.97	1	0:00:00.083053
8875	8	8	0.473	1	0:00:00.083073
8880	1	1	0.97	1	0:00:00.082979
8885	3	3	0.8	1	0:00:00.083023
8890	8	8	0.97	1	0:00:00.082992
8895	0	0	0.97	1	0:00:00.082971
8900	2	2	0.0295	1	0:00:00.083036
8905	8	8	0.97	1	0:00:00.082982
8910	1	1	0.656	1	0:00:00.083082
8915	9	9	0.97	1	0:00:00.082958
8920	6	6	0.97	1	0:00:00.082987
8925	0	0	0.97	1	0:00:00.082973
8930	3	3	0.376	1	0:00:00.083165
8935	0	0	0.823	1	0:00:00.082977
8940	6	3	0.97	0	0:00:00.082999
8945	1	1	0.97	1	0:00:00.083029
8950	9	9	0.97	1	0:00:00.082930
8955	1	9	0.124	0	0:00:00.082969
8960	0	0	0.873	1	0:00:00.082952
8965	4	4	0.387	1	0:00:00.082934
8970	0	0	0.97	1	0:00:00.082957
8975	8	8	0.97	1	0:00:00.083015
8980	9	9	0.97	1	0:00:00.082998
8985	9	0	0.259	0	0:00:00.083080
8990	1	1	0.97	1	0:00:00.083031
8995	9	9	0.97	1	0:00:00.083046
9000	8	8	0.97	1	0:00:00.082912
9005	5	5	0.97	1	0:00:00.083073
9010	8	8	0.193	1	0:00:00.083250
9015	8	8	0.273	1	0:00:00.083034
9020	7	7	0.97	1	0:00:00.082943
9025	5	5	0.97	1	0:00:00.082969
9030	2	2	0.146	1	0:00:00.083025
9035	4	4	0.0429	1	0:00:00.083061
9040	2	5	0.771	0	0:00:00.083088
9045	0	0	0.97	1	0:00:00.082949
9050	5	3	0.97	0	0:00:00.082923
9055	6	6	0.97	1	0:00:00.082962
9060	9	9	0.97	1	0:00:00.082981
9065	0	0	0.274	1	0:00:00.083089
9070	2	2	0.97	1	0:00:00.082926
9075	0	0	0.97	1	0:00:00.083077
9080	3	3	0.233	1	0:00:00.082952
9085	9	9	0.177	1	0:00:00.082991
9090	2	4	0.3	0	0:00:00.083045
9095	5	5	0.619	1	0:00:00.083099
9100	9	1	0.213	0	0:00:00.083103
9105	8	8	0.276	1	0:00:00.083031
9110	1	1	0.97	1	0:00:00.082976
9115	8	8	0.97	1	0:00:00.082903
9120	3	3	0.548	1	0:00:00.082949
9125	1	1	0.97	1	0:00:00.082983
9130	8	8	0.852	1	0:00:00.082974
9135	7	7	0.0327	1	0:00:00.082926
9140	7	7	0.97	1	0:00:00.082975
9145	1	1	0.605	1	0:00:00.083108
9150	6	6	0.873	1	0:00:00.083023
9155	5	5	0.97	1	0:00:00.082964
9160	5	5	0.812	1	0:00:00.083015
9165	4	4	0.336	1	0:00:00.083046
9170	0	9	0.316	0	0:00:00.083074
9175	8	8	0.97	1	0:00:00.082903
9180	5	5	0.97	1	0:00:00.083004
9185	1	3	0.154	0	0:00:00.083061
9190	3	3	0.198	1	0:00:00.082950
9195	6	6	0.873	1	0:00:00.082977
9200	8	8	0.411	1	0:00:00.082988
9205	4	4	0.97	1	0:00:00.082914
9210	7	7	0.97	1	0:00:00.082996
9215	5	5	0.74	1	0:00:00.082940
9220	8	8	0.97	1	0:00:00.083027
9225	5	3	0.316	0	0:00:00.082986
9230	2	4	0.292	0	0:00:00.082968
9235	0	0	0.725	1	0:00:00.083009
9240	8	8	0.808	1	0:00:00.082928
9245	1	1	0.97	1	0:00:00.083024
9250	3	3	0.0195	1	0:00:00.082930
9255	3	3	0.97	1	0:00:00.082931
9260	5	5	0.97	1	0:00:00.083059
9265	1	1	0.873	1	0:00:00.082934
9270	9	9	0.97	1	0:00:00.083045
9275	8	8	0.97	1	0:00:00.082948
9280	9	9	0.331	1	0:00:00.082995
9285	8	8	0.97	1	0:00:00.082832
9290	4	4	0.234	1	0:00:00.083039
9295	3	3	0.754	1	0:00:00.082953
9300	5	5	0.0869	1	0:00:00.083063
9305	5	7	0.236	0	0:00:00.082980
9310	3	3	0.237	1	0:00:00.083077
9315	7	7	0.97	1	0:00:00.083050
9320	9	9	0.97	1	0:00:00.082956
9325	6	6	0.873	1	0:00:00.082997
9330	4	4	0.97	1	0:00:00.083019
9335	4	4	0.97	1	0:00:00.083719
9340	1	1	0.97	1	0:00:00.083056
9345	1	9	0.0411	0	0:00:00.083121
9350	6	6	0.433	1	0:00:00.083100
9355	6	8	0.199	0	0:00:00.083038
9360	5	0	0.597	0	0:00:00.083164
9365	6	6	0.97	1	0:00:00.083007
9370	8	3	0.0	0	0:00:00.083061
9375	3	5	0.275	0	0:00:00.083098
9380	5	3	0.817	0	0:00:00.083112
9385	7	5	0.792	0	0:00:00.083078
9390	7	7	0.97	1	0:00:00.083034
9395	7	7	0.97	1	0:00:00.083062
9400	6	6	0.97	1	0:00:00.083078
9405	8	8	0.97	1	0:00:00.083036
9410	5	5	0.97	1	0:00:00.082997
9415	0	4	0.499	0	0:00:00.083077
9420	5	5	0.97	1	0:00:00.083107
9425	6	6	0.873	1	0:00:00.083096
9430	6	6	0.873	1	0:00:00.083083
9435	2	2	0.97	1	0:00:00.083383
9440	8	8	0.97	1	0:00:00.083071
9445	9	3	0.0373	0	0:00:00.083092
9450	6	6	0.521	1	0:00:00.083090
9455	1	1	0.97	1	0:00:00.082966
9460	3	3	0.156	1	0:00:00.083166
9465	5	5	0.401	1	0:00:00.083042
9470	9	9	0.97	1	0:00:00.083133
9475	2	2	0.256	1	0:00:00.083124
9480	2	4	0.211	0	0:00:00.083081
9485	7	7	0.23	1	0:00:00.083003
9490	8	8	0.97	1	0:00:00.083031
9495	0	0	0.84	1	0:00:00.083148
9500	9	9	0.97	1	0:00:00.083118
9505	3	3	0.155	1	0:00:00.083185
9510	1	1	0.852	1	0:00:00.083165
9515	0	0	0.0	0	0:00:00.083070
9520	1	1	0.765	1	0:00:00.083134
9525	2	2	0.97	1	0:00:00.083118
9530	6	6	0.97	1	0:00:00.083013
9535	1	1	0.0131	1	0:00:00.083047
9540	5	5	0.84	1	0:00:00.083097
9545	9	9	0.97	1	0:00:00.083039
9550	6	6	0.97	1	0:00:00.083096
9555	4	4	0.27	1	0:00:00.083173
9560	9	7	0.271	0	0:00:00.083141
9565	0	0	0.97	1	0:00:00.083127
9570	7	7	0.97	1	0:00:00.083152
9575	5	5	0.7	1	0:00:00.083078
9580	1	1	0.97	1	0:00:00.083072
9585	4	4	0.852	1	0:00:00.083083
9590	0	0	0.97	1	0:00:00.083069
9595	7	7	0.97	1	0:00:00.083107
9600	8	8	0.59	1	0:00:00.083092
9605	5	5	0.97	1	0:00:00.083124
9610	4	4	0.97	1	0:00:00.083042
9615	6	6	0.873	1	0:00:00.083113
9620	4	4	0.84	1	0:00:00.083165
9625	2	2	0.431	1	0:00:00.083243
9630	6	6	0.76	1	0:00:00.083009
9635	7	4	0.292	0	0:00:00.083061
9640	5	5	0.97	1	0:00:00.083058
9645	1	1	0.97	1	0:00:00.083011
9650	8	8	0.97	1	0:00:00.083085
9655	8	8	0.97	1	0:00:00.083033
9660	6	6	0.97	1	0:00:00.083152
9665	3	5	0.97	0	0:00:00.083069
9670	1	1	0.97	1	0:00:00.083041
9675	4	4	0.873	1	0:00:00.083112
9680	8	8	0.97	1	0:00:00.082962
9685	0	0	0.209	1	0:00:00.083185
9690	4	4	0.715	1	0:00:00.083124
9695	0	0	0.97	1	0:00:00.083097
9700	0	0	0.97	1	0:00:00.083110
9705	6	6	0.288	1	0:00:00.083113
9710	7	7	0.97	1	0:00:00.083159
9715	4	4	0.243	1	0:00:00.082951
9720	8	8	0.386	1	0:00:00.083134
9725	8	8	0.354	1	0:00:00.083249
9730	6	6	0.97	1	0:00:00.083058
9735	6	0	0.331	0	0:00:00.083170
9740	3	6	0.613	0	0:00:00.083126
9745	3	3	0.97	1	0:00:00.083050
9750	2	2	0.687	1	0:00:00.083135
9755	3	3	0.0127	1	0:00:00.083092
9760	9	9	0.0209	1	0:00:00.083041
9765	4	4	0.97	1	0:00:00.083071
9770	4	3	0.546	0	0:00:00.083102
9775	9	9	0.97	1	0:00:00.083070
9780	4	6	0.322	0	0:00:00.083162
9785	8	8	0.852	1	0:00:00.083071
9790	8	8	0.365	1	0:00:00.083099
9795	4	2	0.356	0	0:00:00.083148
9800	1	1	0.97	1	0:00:00.083113
9805	2	0	0.368	0	0:00:00.083179
9810	8	8	0.583	1	0:00:00.083090
9815	5	4	0.041	0	0:00:00.083122
9820	0	8	0.0282	0	0:00:00.083125
9825	2	2	0.582	1	0:00:00.083161
9830	1	1	0.646	1	0:00:00.083106
9835	7	7	0.97	1	0:00:00.083050
9840	4	7	0.21	0	0:00:00.083139
9845	9	9	0.817	1	0:00:00.083195
9850	7	4	0.97	0	0:00:00.083051
9855	7	7	0.344	1	0:00:00.083150
9860	0	0	0.493	1	0:00:00.083243
9865	1	1	0.97	1	0:00:00.083116
9870	2	2	0.97	1	0:00:00.083090
9875	9	9	0.808	1	0:00:00.083120
9880	7	3	0.0159	0	0:00:00.083087
9885	8	8	0.97	1	0:00:00.083116
9890	0	0	0.97	1	0:00:00.083119
9895	4	4	0.97	1	0:00:00.083064
9900	8	8	0.97	1	0:00:00.083195
9905	1	1	0.97	1	0:00:00.083132
9910	4	4	0.35	1	0:00:00.083279
9915	2	2	0.97	1	0:00:00.083115
9920	6	6	0.97	1	0:00:00.083146
9925	4	4	0.97	1	0:00:00.083077
9930	8	8	0.057	1	0:00:00.083154
9935	1	1	0.97	1	0:00:00.083057
9940	4	4	0.632	1	0:00:00.083225
9945	7	7	0.97	1	0:00:00.083086
9950	3	4	0.0769	0	0:00:00.083073
9955	8	8	0.97	1	0:00:00.083096
9960	2	0	0.97	0	0:00:00.083215
9965	2	4	0.11	0	0:00:00.083161
9970	2	4	0.97	0	0:00:00.083129
9975	7	7	0.97	1	0:00:00.083068
9980	0	0	0.97	1	0:00:00.083093
9985	5	5	0.72	1	0:00:00.083158
9990	7	7	0.97	1	0:00:00.083108
9995	8	8	0.97	1	0:00:00.083019
