idx	label	predict	radius	correct	time
0	3	3	0.801	1	0:00:00.206608
5	6	6	1.94	1	0:00:00.085632
10	0	0	1.13	1	0:00:00.082448
15	8	8	1.4	1	0:00:00.082509
20	7	9	0.0756	0	0:00:00.082501
25	2	2	0.97	1	0:00:00.082583
30	6	6	1.94	1	0:00:00.082479
35	2	1	0.102	0	0:00:00.082561
40	4	4	0.533	1	0:00:00.082563
45	9	9	1.94	1	0:00:00.082551
50	9	9	1.7	1	0:00:00.082581
55	8	8	1.94	1	0:00:00.082520
60	7	7	0.881	1	0:00:00.082604
65	2	4	0.0401	0	0:00:00.082550
70	2	2	0.158	1	0:00:00.082568
75	2	2	0.259	1	0:00:00.082568
80	8	8	1.43	1	0:00:00.082647
85	5	7	1.27	0	0:00:00.082521
90	0	0	0.875	1	0:00:00.082596
95	6	3	0.282	0	0:00:00.082592
100	4	4	0.291	1	0:00:00.082580
105	1	1	1.94	1	0:00:00.082548
110	4	4	0.18	1	0:00:00.082558
115	3	3	0.251	1	0:00:00.082623
120	8	8	1.32	1	0:00:00.082585
125	0	6	0.412	0	0:00:00.082561
130	4	4	0.155	1	0:00:00.082597
135	2	3	0.224	0	0:00:00.082593
140	6	6	0.111	1	0:00:00.082585
145	7	7	0.175	1	0:00:00.082622
150	8	8	1.94	1	0:00:00.082598
155	5	5	0.469	1	0:00:00.082601
160	2	2	0.846	1	0:00:00.082605
165	4	7	0.314	0	0:00:00.082627
170	9	9	1.33	1	0:00:00.082649
175	9	9	1.94	1	0:00:00.082623
180	0	0	1.94	1	0:00:00.082568
185	8	8	1.94	1	0:00:00.082586
190	5	5	0.104	1	0:00:00.082575
195	2	6	0.133	0	0:00:00.082613
200	5	3	1.31	0	0:00:00.082643
205	3	5	0.874	0	0:00:00.082577
210	7	6	0.285	0	0:00:00.082592
215	0	0	0.502	1	0:00:00.082588
220	7	7	1.94	1	0:00:00.082588
225	9	9	1.45	1	0:00:00.082645
230	5	5	1.94	1	0:00:00.082615
235	0	0	1.94	1	0:00:00.082603
240	1	1	1.94	1	0:00:00.082646
245	3	3	0.988	1	0:00:00.082664
250	5	5	0.27	1	0:00:00.082654
255	0	0	0.658	1	0:00:00.082662
260	8	5	0.378	0	0:00:00.082629
265	8	8	1.94	1	0:00:00.082551
270	2	4	0.438	0	0:00:00.082829
275	5	3	0.306	0	0:00:00.082655
280	9	9	1.94	1	0:00:00.082581
285	9	9	1.94	1	0:00:00.082567
290	1	1	1.94	1	0:00:00.082550
295	4	4	1.75	1	0:00:00.082603
300	6	6	0.774	1	0:00:00.082639
305	1	8	1.94	0	0:00:00.082613
310	8	8	1.94	1	0:00:00.082612
315	0	0	1.94	1	0:00:00.082576
320	3	5	0.948	0	0:00:00.082588
325	1	1	1.18	1	0:00:00.082665
330	1	1	1.94	1	0:00:00.082607
335	9	9	1.29	1	0:00:00.082663
340	2	4	1.12	0	0:00:00.082637
345	5	5	1.02	1	0:00:00.082649
350	9	9	1.43	1	0:00:00.082633
355	7	3	1.43	0	0:00:00.082587
360	9	9	0.0363	1	0:00:00.082610
365	4	0	0.06	0	0:00:00.082656
370	4	4	0.718	1	0:00:00.082640
375	7	7	1.68	1	0:00:00.082593
380	6	6	0.553	1	0:00:00.082658
385	8	0	1.25	0	0:00:00.082618
390	1	1	1.94	1	0:00:00.082568
395	6	4	0.173	0	0:00:00.082626
400	9	9	1.94	1	0:00:00.082569
405	4	6	1.43	0	0:00:00.082589
410	7	7	0.894	1	0:00:00.082659
415	9	9	1.94	1	0:00:00.082588
420	4	6	0.855	0	0:00:00.082648
425	9	9	1.75	1	0:00:00.082670
430	2	4	0.229	0	0:00:00.082649
435	7	4	0.0308	0	0:00:00.082592
440	1	1	1.37	1	0:00:00.082700
445	7	4	0.665	0	0:00:00.082636
450	2	2	1.03	1	0:00:00.082635
455	4	5	0.108	0	0:00:00.082644
460	5	5	1.7	1	0:00:00.082675
465	4	4	0.11	1	0:00:00.082653
470	3	6	0.478	0	0:00:00.082689
475	7	7	1.31	1	0:00:00.082703
480	8	9	0.926	0	0:00:00.082703
485	9	8	0.606	0	0:00:00.082623
490	1	1	1.94	1	0:00:00.082633
495	8	8	1.94	1	0:00:00.082613
500	4	4	0.224	1	0:00:00.082629
505	4	2	0.413	0	0:00:00.082644
510	5	5	1.94	1	0:00:00.082636
515	3	3	0.308	1	0:00:00.082654
520	5	5	0.204	1	0:00:00.082646
525	5	5	0.226	1	0:00:00.082668
530	9	9	1.04	1	0:00:00.082616
535	6	6	1.17	1	0:00:00.082671
540	1	1	0.468	1	0:00:00.082674
545	9	9	1.94	1	0:00:00.082572
550	5	2	0.618	0	0:00:00.082644
555	4	8	1.25	0	0:00:00.082583
560	0	0	1.94	1	0:00:00.082583
565	3	5	1.43	0	0:00:00.082696
570	6	6	0.535	1	0:00:00.082652
575	6	6	1.09	1	0:00:00.082610
580	4	6	0.147	0	0:00:00.082637
585	9	1	0.597	0	0:00:00.082615
590	6	6	1.75	1	0:00:00.082602
595	4	1	0.174	0	0:00:00.082650
600	8	8	1.17	1	0:00:00.082695
605	6	6	1.94	1	0:00:00.082580
610	6	6	1.94	1	0:00:00.082616
615	8	3	0.227	0	0:00:00.082627
620	7	4	0.131	0	0:00:00.082675
625	9	9	0.878	1	0:00:00.082668
630	2	4	0.624	0	0:00:00.082658
635	6	6	0.733	1	0:00:00.082730
640	5	3	1.38	0	0:00:00.082676
645	1	9	0.213	0	0:00:00.082646
650	3	3	1.75	1	0:00:00.082651
655	2	4	1.94	0	0:00:00.082623
660	9	9	1.94	1	0:00:00.082614
665	8	8	1.94	1	0:00:00.082597
670	6	6	1.3	1	0:00:00.082697
675	0	4	0.0345	0	0:00:00.082554
680	9	9	0.763	1	0:00:00.082616
685	6	4	0.863	0	0:00:00.082722
690	3	4	1.01	0	0:00:00.082602
695	3	4	1.94	0	0:00:00.082779
700	7	7	1.94	1	0:00:00.082581
705	4	4	1.35	1	0:00:00.082586
710	6	2	0.562	0	0:00:00.082640
715	3	3	0.809	1	0:00:00.082589
720	4	9	0.549	0	0:00:00.082632
725	2	8	0.743	0	0:00:00.082612
730	4	3	0.175	0	0:00:00.082563
735	4	2	0.601	0	0:00:00.082583
740	2	5	0.82	0	0:00:00.082637
745	7	7	0.457	1	0:00:00.082617
750	9	9	1.94	1	0:00:00.082594
755	2	4	1.75	0	0:00:00.082577
760	3	9	0.201	0	0:00:00.082585
765	2	2	1.01	1	0:00:00.082646
770	6	6	0.813	1	0:00:00.082689
775	2	4	1.3	0	0:00:00.082718
780	9	9	1.45	1	0:00:00.082656
785	0	0	0.865	1	0:00:00.082630
790	3	0	1.94	0	0:00:00.082612
795	7	4	0.0	0	0:00:00.082574
800	7	7	1.94	1	0:00:00.082608
805	4	6	1.94	0	0:00:00.082584
810	5	5	0.0886	1	0:00:00.082630
815	8	8	1.94	1	0:00:00.082557
820	6	9	0.436	0	0:00:00.082603
825	3	6	1.35	0	0:00:00.082598
830	1	1	0.827	1	0:00:00.082659
835	4	3	0.34	0	0:00:00.082635
840	7	7	1.94	1	0:00:00.082634
845	3	9	0.0435	0	0:00:00.082568
850	7	5	1.75	0	0:00:00.082603
855	7	7	1.94	1	0:00:00.082590
860	4	4	1.33	1	0:00:00.082561
865	1	1	1.68	1	0:00:00.082621
870	3	6	0.47	0	0:00:00.082672
875	8	8	1.63	1	0:00:00.082679
880	8	8	1.94	1	0:00:00.082616
885	0	0	1.94	1	0:00:00.082619
890	4	4	1.29	1	0:00:00.082603
895	1	1	1.94	1	0:00:00.082560
900	2	6	0.89	0	0:00:00.082626
905	7	4	0.439	0	0:00:00.082652
910	5	4	0.0	0	0:00:00.082568
915	1	1	1.09	1	0:00:00.082714
920	6	2	0.388	0	0:00:00.082690
925	5	3	1.75	0	0:00:00.082701
930	4	4	1.75	1	0:00:00.082586
935	2	2	1.53	1	0:00:00.082661
940	9	9	1.94	1	0:00:00.082632
945	3	5	1.75	0	0:00:00.082650
950	3	2	0.487	0	0:00:00.082659
955	7	7	1.94	1	0:00:00.082585
960	9	9	0.654	1	0:00:00.082671
965	6	6	0.107	1	0:00:00.082667
970	9	9	1.94	1	0:00:00.082627
975	0	0	1.38	1	0:00:00.082626
980	2	6	1.94	0	0:00:00.082523
985	8	8	1.94	1	0:00:00.082645
990	1	1	0.671	1	0:00:00.082647
995	3	6	0.131	0	0:00:00.082635
1000	5	5	1.94	1	0:00:00.082613
1005	1	1	1.07	1	0:00:00.082622
1010	0	0	1.94	1	0:00:00.082574
1015	4	4	0.762	1	0:00:00.082684
1020	1	1	1.94	1	0:00:00.082613
1025	5	5	1.53	1	0:00:00.082625
1030	3	9	0.306	0	0:00:00.082611
1035	6	6	1.36	1	0:00:00.082614
1040	7	5	1.7	0	0:00:00.082611
1045	5	3	1.94	0	0:00:00.082577
1050	3	3	0.18	1	0:00:00.082611
1055	5	5	0.765	1	0:00:00.082624
1060	9	9	1.94	1	0:00:00.082634
1065	3	9	1.03	0	0:00:00.082671
1070	3	3	0.837	1	0:00:00.082660
1075	8	8	1.94	1	0:00:00.082563
1080	6	6	1.31	1	0:00:00.082656
1085	4	4	1.94	1	0:00:00.082602
1090	0	8	0.174	0	0:00:00.082633
1095	2	4	0.353	0	0:00:00.082694
1100	7	8	0.208	0	0:00:00.082623
1105	4	5	0.217	0	0:00:00.082620
1110	2	2	1.94	1	0:00:00.082605
1115	1	1	1.66	1	0:00:00.082639
1120	5	2	0.576	0	0:00:00.082626
1125	6	6	1.94	1	0:00:00.082812
1130	7	9	0.234	0	0:00:00.082577
1135	6	6	0.864	1	0:00:00.082655
1140	6	6	0.0889	1	0:00:00.082595
1145	4	4	0.709	1	0:00:00.082571
1150	2	4	0.338	0	0:00:00.082619
1155	9	3	0.589	0	0:00:00.082586
1160	8	8	0.561	1	0:00:00.082639
1165	0	0	1.75	1	0:00:00.082608
1170	7	7	1.48	1	0:00:00.082645
1175	9	9	1.94	1	0:00:00.082616
1180	3	3	0.361	1	0:00:00.082634
1185	1	8	0.671	0	0:00:00.082626
1190	1	1	0.642	1	0:00:00.082687
1195	6	6	1.94	1	0:00:00.082609
1200	8	8	0.473	1	0:00:00.082663
1205	8	8	0.657	1	0:00:00.082650
1210	0	0	1.37	1	0:00:00.082646
1215	7	7	1.94	1	0:00:00.082606
1220	9	3	0.116	0	0:00:00.082614
1225	6	6	1.94	1	0:00:00.082582
1230	5	3	0.215	0	0:00:00.082601
1235	5	5	1.07	1	0:00:00.082616
1240	2	6	1.94	0	0:00:00.082586
1245	6	3	0.846	0	0:00:00.082648
1250	7	7	0.687	1	0:00:00.082677
1255	4	4	0.784	1	0:00:00.082626
1260	1	9	0.889	0	0:00:00.082701
1265	9	1	0.238	0	0:00:00.082597
1270	1	9	1.07	0	0:00:00.082732
1275	3	2	0.209	0	0:00:00.082560
1280	3	7	0.0884	0	0:00:00.082647
1285	9	7	0.19	0	0:00:00.082631
1290	5	5	1.66	1	0:00:00.082628
1295	0	0	1.94	1	0:00:00.082557
1300	4	6	1.14	0	0:00:00.082567
1305	9	9	1.23	1	0:00:00.082641
1310	0	0	1.94	1	0:00:00.082566
1315	4	0	0.161	0	0:00:00.082593
1320	7	7	0.123	1	0:00:00.082597
1325	2	4	1.94	0	0:00:00.082584
1330	2	3	0.384	0	0:00:00.082679
1335	1	1	1.75	1	0:00:00.082650
1340	1	1	1.94	1	0:00:00.082613
1345	4	4	0.00281	1	0:00:00.082597
1350	4	6	1.23	0	0:00:00.082623
1355	5	3	0.422	0	0:00:00.082675
1360	7	7	0.707	1	0:00:00.082655
1365	0	0	1.94	1	0:00:00.082596
1370	9	9	0.837	1	0:00:00.082626
1375	4	4	1.94	1	0:00:00.082557
1380	4	5	1.45	0	0:00:00.082641
1385	5	5	1.94	1	0:00:00.082568
1390	6	6	1.75	1	0:00:00.082600
1395	3	6	0.521	0	0:00:00.082571
1400	5	5	0.797	1	0:00:00.082623
1405	1	1	0.503	1	0:00:00.082609
1410	1	1	1.94	1	0:00:00.082558
1415	7	7	1.48	1	0:00:00.082583
1420	4	7	0.371	0	0:00:00.082613
1425	4	4	1.4	1	0:00:00.082623
1430	8	8	0.27	1	0:00:00.082623
1435	1	1	1.94	1	0:00:00.082556
1440	0	0	0.811	1	0:00:00.082607
1445	3	3	0.606	1	0:00:00.082651
1450	2	6	1.75	0	0:00:00.082611
1455	6	6	1.94	1	0:00:00.082532
1460	6	6	1.39	1	0:00:00.082634
1465	9	0	0.0124	0	0:00:00.082608
1470	7	2	0.097	0	0:00:00.082648
1475	9	9	1.94	1	0:00:00.082609
1480	1	1	0.433	1	0:00:00.082671
1485	0	0	0.535	1	0:00:00.082663
1490	8	8	1.94	1	0:00:00.082561
1495	2	0	1.65	0	0:00:00.082605
1500	1	1	0.608	1	0:00:00.082642
1505	2	6	1.02	0	0:00:00.082642
1510	8	4	0.416	0	0:00:00.082648
1515	2	2	1.94	1	0:00:00.082597
1520	7	7	1.04	1	0:00:00.082659
1525	3	0	0.542	0	0:00:00.082658
1530	3	9	0.884	0	0:00:00.082632
1535	4	2	0.649	0	0:00:00.082626
1540	8	8	1.94	1	0:00:00.082567
1545	1	1	0.985	1	0:00:00.082652
1550	6	6	0.178	1	0:00:00.082862
1555	0	0	1.94	1	0:00:00.082574
1560	7	7	1.94	1	0:00:00.082650
1565	6	6	0.714	1	0:00:00.082639
1570	4	4	0.954	1	0:00:00.082617
1575	2	6	0.979	0	0:00:00.082625
1580	6	1	0.0322	0	0:00:00.082686
1585	7	7	1.94	1	0:00:00.082562
1590	4	2	0.343	0	0:00:00.082638
1595	3	6	0.178	0	0:00:00.082604
1600	8	9	0.578	0	0:00:00.082640
1605	3	4	0.279	0	0:00:00.082552
1610	2	5	0.0118	0	0:00:00.082623
1615	7	7	1.62	1	0:00:00.082612
1620	5	5	0.0308	1	0:00:00.082646
1625	3	3	0.791	1	0:00:00.082603
1630	9	9	1.04	1	0:00:00.082657
1635	7	7	1.2	1	0:00:00.082662
1640	7	3	0.563	0	0:00:00.082675
1645	4	4	1.75	1	0:00:00.082610
1650	5	5	1.94	1	0:00:00.082626
1655	8	8	1.26	1	0:00:00.082664
1660	3	3	0.125	1	0:00:00.082621
1665	6	6	1.94	1	0:00:00.082550
1670	6	4	0.933	0	0:00:00.082562
1675	5	6	0.312	0	0:00:00.082612
1680	6	6	1.94	1	0:00:00.082565
1685	8	4	0.395	0	0:00:00.082622
1690	2	0	0.0	0	0:00:00.082531
1695	9	9	1.94	1	0:00:00.082584
1700	5	2	0.836	0	0:00:00.082626
1705	0	0	1.94	1	0:00:00.082576
1710	4	4	0.982	1	0:00:00.082600
1715	3	5	0.0738	0	0:00:00.082546
1720	4	2	0.574	0	0:00:00.082624
1725	0	0	1.32	1	0:00:00.082680
1730	4	8	1.07	0	0:00:00.082643
1735	0	0	0.461	1	0:00:00.082624
1740	1	9	1.07	0	0:00:00.082666
1745	5	5	1.27	1	0:00:00.082646
1750	8	8	0.977	1	0:00:00.082597
1755	7	7	0.571	1	0:00:00.082650
1760	0	8	0.488	0	0:00:00.082632
1765	4	4	0.833	1	0:00:00.082603
1770	7	4	0.298	0	0:00:00.082655
1775	3	3	0.208	1	0:00:00.082660
1780	7	7	0.143	1	0:00:00.082639
1785	0	0	0.996	1	0:00:00.082654
1790	7	5	1.38	0	0:00:00.082642
1795	6	6	1.7	1	0:00:00.082649
1800	4	8	0.389	0	0:00:00.082652
1805	8	8	1.19	1	0:00:00.082649
1810	1	8	0.503	0	0:00:00.082660
1815	9	9	0.697	1	0:00:00.082719
1820	8	8	0.128	1	0:00:00.082688
1825	2	2	1.94	1	0:00:00.082623
1830	3	4	0.59	0	0:00:00.082682
1835	0	4	1.12	0	0:00:00.082656
1840	8	7	0.0263	0	0:00:00.082834
1845	7	9	0.286	0	0:00:00.083527
1850	1	0	0.433	0	0:00:00.082879
1855	5	5	1.94	1	0:00:00.082646
1860	8	8	1.94	1	0:00:00.082574
1865	7	7	0.219	1	0:00:00.082655
1870	2	2	1.01	1	0:00:00.082671
1875	0	0	1.94	1	0:00:00.082574
1880	1	1	1.7	1	0:00:00.082653
1885	5	5	0.814	1	0:00:00.082811
1890	6	6	0.284	1	0:00:00.083672
1895	8	8	0.937	1	0:00:00.090170
1900	8	8	1.94	1	0:00:00.090667
1905	3	2	0.0399	0	0:00:00.090636
1910	4	4	0.348	1	0:00:00.090744
1915	9	9	1.94	1	0:00:00.085184
1920	2	2	1.68	1	0:00:00.090777
1925	1	1	0.883	1	0:00:00.090777
1930	1	1	0.0883	1	0:00:00.090405
1935	6	3	0.177	0	0:00:00.090206
1940	5	5	1.7	1	0:00:00.090378
1945	4	7	0.0	0	0:00:00.090436
1950	5	4	0.0457	0	0:00:00.090590
1955	2	7	0.393	0	0:00:00.090565
1960	2	5	1.25	0	0:00:00.090710
1965	0	0	1.94	1	0:00:00.090751
1970	1	1	1.75	1	0:00:00.090599
1975	6	7	0.354	0	0:00:00.089688
1980	9	9	1.94	1	0:00:00.090645
1985	6	2	0.413	0	0:00:00.089639
1990	4	7	1.04	0	0:00:00.090435
1995	2	2	0.704	1	0:00:00.084615
2000	1	1	0.107	1	0:00:00.082610
2005	5	5	0.655	1	0:00:00.082670
2010	7	5	0.368	0	0:00:00.082634
2015	4	4	0.321	1	0:00:00.083307
2020	9	9	1.94	1	0:00:00.087741
2025	4	2	0.947	0	0:00:00.103112
2030	4	6	0.701	0	0:00:00.167266
2035	6	6	0.0	0	0:00:00.170490
2040	0	0	0.0341	1	0:00:00.170306
2045	1	1	0.534	1	0:00:00.170887
2050	8	8	1.75	1	0:00:00.170976
2055	5	5	1.03	1	0:00:00.171034
2060	5	5	1.75	1	0:00:00.171401
2065	2	4	0.293	0	0:00:00.170478
2070	2	4	1.7	0	0:00:00.170866
2075	4	7	0.477	0	0:00:00.170950
2080	1	1	0.683	1	0:00:00.171253
2085	0	2	0.248	0	0:00:00.170633
2090	2	2	1.94	1	0:00:00.170256
2095	0	0	1.94	1	0:00:00.170128
2100	2	4	0.362	0	0:00:00.171501
2105	6	6	0.675	1	0:00:00.170988
2110	0	4	0.394	0	0:00:00.171323
2115	5	4	0.295	0	0:00:00.171071
2120	4	8	0.788	0	0:00:00.171540
2125	1	9	0.701	0	0:00:00.170989
2130	0	0	1.0	1	0:00:00.171452
2135	8	8	1.94	1	0:00:00.169000
2140	9	9	1.94	1	0:00:00.171087
2145	7	4	1.16	0	0:00:00.173479
2150	9	9	1.4	1	0:00:00.171406
2155	9	8	1.94	0	0:00:00.171122
2160	0	8	1.32	0	0:00:00.171155
2165	2	0	1.12	0	0:00:00.171436
2170	2	2	1.94	1	0:00:00.171355
2175	3	3	0.608	1	0:00:00.171533
2180	4	6	0.522	0	0:00:00.171667
2185	0	9	0.0664	0	0:00:00.171376
2190	9	9	0.952	1	0:00:00.171502
2195	4	2	0.207	0	0:00:00.171060
2200	0	0	1.68	1	0:00:00.171127
2205	5	5	0.677	1	0:00:00.171237
2210	2	0	0.698	0	0:00:00.171625
2215	0	4	0.224	0	0:00:00.170632
2220	1	1	1.94	1	0:00:00.170997
2225	7	7	1.94	1	0:00:00.171596
2230	3	3	0.0914	1	0:00:00.171434
2235	2	2	1.94	1	0:00:00.171646
2240	9	9	1.75	1	0:00:00.169329
2245	8	8	0.0	0	0:00:00.173523
2250	7	7	0.0572	1	0:00:00.171459
2255	1	1	0.11	1	0:00:00.171463
2260	4	4	1.21	1	0:00:00.171113
2265	8	8	1.94	1	0:00:00.170991
2270	2	2	0.923	1	0:00:00.171496
2275	6	4	0.366	0	0:00:00.171077
2280	4	8	0.259	0	0:00:00.171331
2285	3	5	1.94	0	0:00:00.170543
2290	9	9	1.2	1	0:00:00.171542
2295	8	8	1.94	1	0:00:00.171140
2300	3	6	1.1	0	0:00:00.171446
2305	9	9	0.503	1	0:00:00.171260
2310	6	6	0.941	1	0:00:00.171400
2315	2	2	0.118	1	0:00:00.171337
2320	5	3	0.513	0	0:00:00.171273
2325	7	0	0.728	0	0:00:00.171165
2330	0	8	0.175	0	0:00:00.171661
2335	5	3	0.55	0	0:00:00.171926
2340	7	7	1.94	1	0:00:00.170625
2345	1	1	1.94	1	0:00:00.171445
2350	3	4	0.0877	0	0:00:00.171909
2355	9	9	0.0877	1	0:00:00.171497
2360	7	7	0.561	1	0:00:00.171149
2365	7	7	0.611	1	0:00:00.171239
2370	0	0	0.663	1	0:00:00.171250
2375	0	0	0.389	1	0:00:00.170861
2380	8	8	1.94	1	0:00:00.171134
2385	4	9	0.839	0	0:00:00.169299
2390	1	6	0.567	0	0:00:00.173723
2395	7	8	1.11	0	0:00:00.171682
2400	0	0	1.75	1	0:00:00.171471
2405	3	6	1.94	0	0:00:00.171350
2410	3	3	1.94	1	0:00:00.171660
2415	6	6	0.653	1	0:00:00.171514
2420	8	5	0.282	0	0:00:00.170854
2425	0	8	0.667	0	0:00:00.169001
2430	7	7	0.357	1	0:00:00.171379
2435	6	4	0.602	0	0:00:00.173341
2440	7	7	0.424	1	0:00:00.171667
2445	6	6	1.45	1	0:00:00.171390
2450	1	1	1.94	1	0:00:00.170988
2455	6	6	1.94	1	0:00:00.171320
2460	9	9	0.696	1	0:00:00.171322
2465	9	9	1.75	1	0:00:00.171129
2470	7	7	1.94	1	0:00:00.170693
2475	6	6	1.94	1	0:00:00.171497
2480	8	8	1.94	1	0:00:00.171496
2485	6	6	1.94	1	0:00:00.171096
2490	0	3	0.0	0	0:00:00.171275
2495	9	8	0.707	0	0:00:00.171561
2500	4	4	1.2	1	0:00:00.170956
2505	7	1	0.0164	0	0:00:00.170827
2510	4	4	1.39	1	0:00:00.171309
2515	2	6	1.94	0	0:00:00.171473
2520	1	9	0.14	0	0:00:00.171013
2525	5	3	0.993	0	0:00:00.171347
2530	6	6	0.97	1	0:00:00.169124
2535	0	6	0.0998	0	0:00:00.173315
2540	2	3	1.02	0	0:00:00.171675
2545	4	7	0.456	0	0:00:00.171604
2550	4	4	0.904	1	0:00:00.170825
2555	7	9	1.94	0	0:00:00.171454
2560	7	7	0.157	1	0:00:00.171452
2565	3	3	1.11	1	0:00:00.171653
2570	0	0	0.451	1	0:00:00.169682
2575	5	4	1.68	0	0:00:00.171200
2580	6	6	0.696	1	0:00:00.173712
2585	3	4	0.741	0	0:00:00.170999
2590	5	5	0.186	1	0:00:00.171868
2595	4	6	1.13	0	0:00:00.171613
2600	8	8	1.94	1	0:00:00.171377
2605	4	4	0.0	0	0:00:00.171882
2610	2	2	1.94	1	0:00:00.171350
2615	7	7	0.188	1	0:00:00.171453
2620	1	1	0.32	1	0:00:00.171383
2625	2	2	1.94	1	0:00:00.171326
2630	2	6	1.94	0	0:00:00.171174
2635	6	6	0.199	1	0:00:00.171512
2640	7	7	1.94	1	0:00:00.171478
2645	1	1	1.94	1	0:00:00.171456
2650	5	9	1.94	0	0:00:00.171329
2655	4	0	1.07	0	0:00:00.171638
2660	3	2	0.657	0	0:00:00.171670
2665	1	1	1.94	1	0:00:00.171196
2670	9	8	0.0623	0	0:00:00.171515
2675	2	2	0.587	1	0:00:00.169493
2680	0	0	1.94	1	0:00:00.173778
2685	2	4	1.94	0	0:00:00.171583
2690	2	6	0.136	0	0:00:00.171195
2695	2	6	0.0	0	0:00:00.171204
2700	9	9	0.532	1	0:00:00.171290
2705	8	0	0.966	0	0:00:00.171081
2710	7	7	1.94	1	0:00:00.171484
2715	0	0	1.94	1	0:00:00.168549
2720	3	3	0.0	0	0:00:00.173555
2725	8	8	1.94	1	0:00:00.171231
2730	6	6	0.858	1	0:00:00.170669
2735	2	6	0.217	0	0:00:00.170998
2740	1	1	0.915	1	0:00:00.171391
2745	8	8	1.94	1	0:00:00.169106
2750	5	5	1.94	1	0:00:00.173527
2755	5	7	1.94	0	0:00:00.172020
2760	2	2	0.00642	1	0:00:00.171494
2765	9	9	0.809	1	0:00:00.171259
2770	7	8	0.26	0	0:00:00.171546
2775	3	3	1.94	1	0:00:00.171204
2780	7	7	1.94	1	0:00:00.171903
2785	4	4	0.604	1	0:00:00.171582
2790	8	8	1.94	1	0:00:00.171483
2795	3	3	1.94	1	0:00:00.171638
2800	4	6	0.69	0	0:00:00.171476
2805	4	4	0.785	1	0:00:00.171769
2810	9	7	0.164	0	0:00:00.171027
2815	3	3	0.768	1	0:00:00.171758
2820	6	6	1.94	1	0:00:00.169142
2825	2	6	1.23	0	0:00:00.174225
2830	6	6	1.68	1	0:00:00.171548
2835	4	9	0.17	0	0:00:00.170561
2840	3	3	1.94	1	0:00:00.170839
2845	5	6	0.0118	0	0:00:00.171494
2850	5	5	1.94	1	0:00:00.171543
2855	3	5	0.54	0	0:00:00.171497
2860	5	6	0.0	0	0:00:00.168975
2865	6	6	1.62	1	0:00:00.173486
2870	8	8	1.01	1	0:00:00.171337
2875	1	1	0.332	1	0:00:00.171218
2880	4	4	1.94	1	0:00:00.171041
2885	5	5	1.94	1	0:00:00.171563
2890	5	5	0.31	1	0:00:00.168959
2895	7	5	1.94	0	0:00:00.173113
2900	3	5	1.66	0	0:00:00.171304
2905	4	4	0.0	0	0:00:00.171508
2910	8	8	0.186	1	0:00:00.171453
2915	5	5	1.94	1	0:00:00.170843
2920	2	3	0.47	0	0:00:00.171235
2925	4	4	0.166	1	0:00:00.170849
2930	7	5	0.706	0	0:00:00.171097
2935	8	8	0.684	1	0:00:00.171882
2940	3	0	1.08	0	0:00:00.171308
2945	7	4	0.438	0	0:00:00.171773
2950	1	9	0.675	0	0:00:00.171374
2955	2	6	0.517	0	0:00:00.171689
2960	9	9	1.17	1	0:00:00.171441
2965	7	7	0.362	1	0:00:00.169007
2970	5	5	0.339	1	0:00:00.173831
2975	9	4	1.94	0	0:00:00.171102
2980	8	8	0.265	1	0:00:00.171251
2985	2	9	0.432	0	0:00:00.171425
2990	4	4	1.33	1	0:00:00.171196
2995	4	4	0.638	1	0:00:00.170989
3000	5	5	1.94	1	0:00:00.171093
3005	0	8	0.859	0	0:00:00.169184
3010	6	6	1.19	1	0:00:00.173409
3015	6	6	0.0499	1	0:00:00.171425
3020	1	1	1.11	1	0:00:00.168671
3025	2	6	0.207	0	0:00:00.173135
3030	6	6	0.209	1	0:00:00.171287
3035	3	3	1.94	1	0:00:00.171351
3040	7	7	1.94	1	0:00:00.171305
3045	5	5	1.94	1	0:00:00.170969
3050	0	0	0.275	1	0:00:00.171235
3055	9	9	1.94	1	0:00:00.171321
3060	7	7	1.94	1	0:00:00.171660
3065	3	3	1.56	1	0:00:00.171419
3070	0	0	1.94	1	0:00:00.171632
3075	6	3	1.94	0	0:00:00.171104
3080	1	4	0.0574	0	0:00:00.170575
3085	2	6	0.0609	0	0:00:00.171886
3090	4	4	1.75	1	0:00:00.171538
3095	4	4	1.05	1	0:00:00.171524
3100	0	0	1.94	1	0:00:00.171051
3105	1	1	1.23	1	0:00:00.171251
3110	7	3	0.604	0	0:00:00.169374
3115	5	4	0.0	0	0:00:00.173081
3120	4	6	1.11	0	0:00:00.171097
3125	3	3	0.48	1	0:00:00.171634
3130	3	5	1.15	0	0:00:00.171382
3135	7	7	0.156	1	0:00:00.171415
3140	8	8	1.94	1	0:00:00.174285
3145	9	3	0.0728	0	0:00:00.173989
3150	1	1	0.125	1	0:00:00.171169
3155	8	8	1.94	1	0:00:00.171093
3160	6	4	1.57	0	0:00:00.171842
3165	1	1	0.207	1	0:00:00.171512
3170	9	9	1.01	1	0:00:00.173507
3175	1	1	0.964	1	0:00:00.174076
3180	3	9	0.22	0	0:00:00.171030
3185	2	6	0.105	0	0:00:00.171718
3190	3	6	0.423	0	0:00:00.173597
3195	5	4	0.307	0	0:00:00.172150
3200	5	5	0.546	1	0:00:00.169843
3205	8	8	1.23	1	0:00:00.170372
3210	9	9	1.68	1	0:00:00.170220
3215	1	1	1.94	1	0:00:00.169844
3220	3	3	0.38	1	0:00:00.170475
3225	9	9	1.94	1	0:00:00.170265
3230	3	4	0.454	0	0:00:00.170037
3235	5	5	0.0145	1	0:00:00.169840
3240	4	4	0.331	1	0:00:00.170053
3245	7	7	0.517	1	0:00:00.169816
3250	2	6	1.2	0	0:00:00.169889
3255	5	5	0.4	1	0:00:00.170396
3260	7	7	1.7	1	0:00:00.169413
3265	8	8	1.94	1	0:00:00.172356
3270	8	8	1.94	1	0:00:00.169759
3275	5	7	0.0	0	0:00:00.170552
3280	3	5	1.94	0	0:00:00.172092
3285	1	1	0.812	1	0:00:00.172442
3290	5	5	1.94	1	0:00:00.169898
3295	9	9	1.94	1	0:00:00.170220
3300	4	4	0.916	1	0:00:00.169993
3305	9	9	1.94	1	0:00:00.169795
3310	6	6	0.92	1	0:00:00.167884
3315	3	3	0.226	1	0:00:00.169737
3320	2	7	0.931	0	0:00:00.169334
3325	6	3	0.0	0	0:00:00.170020
3330	7	7	0.608	1	0:00:00.169919
3335	0	9	0.0842	0	0:00:00.170290
3340	6	4	0.101	0	0:00:00.170181
3345	7	7	1.94	1	0:00:00.169899
3350	8	8	1.94	1	0:00:00.170036
3355	5	8	0.206	0	0:00:00.170567
3360	4	6	1.63	0	0:00:00.170230
3365	9	9	1.94	1	0:00:00.170516
3370	1	1	1.94	1	0:00:00.170113
3375	4	4	0.505	1	0:00:00.170195
3380	8	8	1.75	1	0:00:00.169729
3385	8	0	0.54	0	0:00:00.170578
3390	3	5	1.94	0	0:00:00.169948
3395	9	9	1.32	1	0:00:00.170452
3400	6	4	0.648	0	0:00:00.169842
3405	7	7	1.94	1	0:00:00.167491
3410	4	4	1.56	1	0:00:00.170336
3415	7	5	1.49	0	0:00:00.170151
3420	5	6	0.605	0	0:00:00.170119
3425	0	8	0.171	0	0:00:00.169683
3430	8	8	1.94	1	0:00:00.170247
3435	6	6	1.94	1	0:00:00.169549
3440	2	3	0.0824	0	0:00:00.170582
3445	0	0	1.94	1	0:00:00.169921
3450	9	3	0.134	0	0:00:00.170003
3455	6	6	1.24	1	0:00:00.167758
3460	1	1	1.94	1	0:00:00.169984
3465	6	6	0.802	1	0:00:00.170196
3470	7	7	0.521	1	0:00:00.170444
3475	0	2	0.334	0	0:00:00.170244
3480	2	2	1.94	1	0:00:00.169800
3485	1	1	1.13	1	0:00:00.170021
3490	0	8	1.94	0	0:00:00.170000
3495	2	3	0.595	0	0:00:00.170623
3500	1	1	0.875	1	0:00:00.170287
3505	4	2	0.393	0	0:00:00.170575
3510	4	4	0.547	1	0:00:00.170427
3515	8	8	1.94	1	0:00:00.170008
3520	1	1	1.94	1	0:00:00.169953
3525	2	2	0.0164	1	0:00:00.170593
3530	6	6	1.75	1	0:00:00.170154
3535	5	6	0.632	0	0:00:00.170295
3540	6	6	0.765	1	0:00:00.170232
3545	4	4	1.94	1	0:00:00.169941
3550	0	4	0.757	0	0:00:00.167931
3555	6	4	0.3	0	0:00:00.170401
3560	1	9	0.786	0	0:00:00.170407
3565	1	1	1.94	1	0:00:00.170298
3570	3	5	1.2	0	0:00:00.170172
3575	3	3	1.08	1	0:00:00.170051
3580	4	4	0.029	1	0:00:00.170356
3585	8	8	1.94	1	0:00:00.169876
3590	7	7	1.94	1	0:00:00.167884
3595	2	4	1.48	0	0:00:00.170221
3600	4	2	0.883	0	0:00:00.168370
3605	6	4	0.361	0	0:00:00.170696
3610	5	5	0.766	1	0:00:00.170328
3615	6	2	0.852	0	0:00:00.170358
3620	0	0	0.266	1	0:00:00.167952
3625	8	8	1.62	1	0:00:00.167731
3630	8	8	1.94	1	0:00:00.170570
3635	4	4	1.94	1	0:00:00.169884
3640	6	2	1.32	0	0:00:00.170347
3645	1	9	0.649	0	0:00:00.169971
3650	0	0	1.94	1	0:00:00.170547
3655	9	9	1.94	1	0:00:00.172818
3660	0	0	0.158	1	0:00:00.170298
3665	7	7	0.161	1	0:00:00.169897
3670	9	9	0.869	1	0:00:00.170254
3675	4	4	1.94	1	0:00:00.170341
3680	0	2	0.152	0	0:00:00.170378
3685	2	2	1.94	1	0:00:00.170201
3690	9	9	1.4	1	0:00:00.170400
3695	8	8	1.94	1	0:00:00.168185
3700	3	5	0.0	0	0:00:00.169988
3705	8	8	1.75	1	0:00:00.170392
3710	2	2	0.966	1	0:00:00.170210
3715	1	4	1.35	0	0:00:00.170652
3720	2	2	1.94	1	0:00:00.170762
3725	2	4	0.258	0	0:00:00.169708
3730	1	1	1.45	1	0:00:00.170387
3735	5	4	0.0	0	0:00:00.167775
3740	0	0	1.38	1	0:00:00.170655
3745	1	1	1.94	1	0:00:00.168168
3750	9	9	0.353	1	0:00:00.170756
3755	9	3	0.0	0	0:00:00.171087
3760	7	7	1.94	1	0:00:00.170512
3765	0	0	0.51	1	0:00:00.167773
3770	9	9	0.843	1	0:00:00.169797
3775	6	6	1.94	1	0:00:00.169824
3780	4	4	0.899	1	0:00:00.170860
3785	6	6	1.43	1	0:00:00.170466
3790	4	4	1.22	1	0:00:00.170433
3795	7	4	0.453	0	0:00:00.170364
3800	9	9	0.423	1	0:00:00.169631
3805	9	9	1.94	1	0:00:00.169939
3810	3	5	0.107	0	0:00:00.169780
3815	2	7	0.413	0	0:00:00.169885
3820	0	0	0.777	1	0:00:00.170208
3825	0	0	1.94	1	0:00:00.170070
3830	5	5	0.205	1	0:00:00.170744
3835	3	5	1.3	0	0:00:00.169859
3840	6	3	0.991	0	0:00:00.167664
3845	0	0	1.94	1	0:00:00.170068
3850	9	9	1.16	1	0:00:00.170776
3855	1	1	1.94	1	0:00:00.170170
3860	7	7	1.94	1	0:00:00.170730
3865	7	7	1.94	1	0:00:00.170282
3870	8	4	0.248	0	0:00:00.170213
3875	2	2	0.617	1	0:00:00.169550
3880	6	4	0.931	0	0:00:00.167837
3885	6	4	0.655	0	0:00:00.170259
3890	7	7	1.05	1	0:00:00.167841
3895	1	1	0.6	1	0:00:00.170170
3900	3	6	0.507	0	0:00:00.170703
3905	2	2	1.63	1	0:00:00.170893
3910	4	4	0.378	1	0:00:00.167370
3915	4	6	1.41	0	0:00:00.170524
3920	7	9	0.795	0	0:00:00.170360
3925	1	1	1.94	1	0:00:00.170751
3930	1	1	0.784	1	0:00:00.170963
3935	4	7	0.872	0	0:00:00.170552
3940	6	6	0.0858	1	0:00:00.170369
3945	5	6	0.46	0	0:00:00.167582
3950	8	8	1.68	1	0:00:00.168430
3955	0	0	1.18	1	0:00:00.170465
3960	2	2	1.25	1	0:00:00.174469
3965	0	0	1.94	1	0:00:00.174315
3970	9	6	0.567	0	0:00:00.169695
3975	7	7	1.17	1	0:00:00.174287
3980	9	9	0.237	1	0:00:00.174273
3985	7	7	1.12	1	0:00:00.169363
3990	4	4	1.33	1	0:00:00.171906
3995	7	6	0.496	0	0:00:00.172146
4000	8	0	0.0	0	0:00:00.171927
4005	5	6	0.21	0	0:00:00.172511
4010	7	4	0.0961	0	0:00:00.170741
4015	1	1	1.94	1	0:00:00.170154
4020	8	8	0.926	1	0:00:00.170722
4025	1	1	0.597	1	0:00:00.172096
4030	1	1	0.454	1	0:00:00.172273
4035	2	2	0.943	1	0:00:00.170662
4040	0	0	1.94	1	0:00:00.167905
4045	7	6	0.0	0	0:00:00.171618
4050	3	2	0.0867	0	0:00:00.172015
4055	1	6	0.0557	0	0:00:00.172482
4060	6	6	0.313	1	0:00:00.172079
4065	4	4	1.45	1	0:00:00.169833
4070	9	9	1.94	1	0:00:00.170545
4075	2	2	1.15	1	0:00:00.169745
4080	1	1	1.13	1	0:00:00.170334
4085	8	7	0.302	0	0:00:00.170393
4090	4	4	0.858	1	0:00:00.168112
4095	8	4	1.37	0	0:00:00.170451
4100	7	7	1.94	1	0:00:00.167980
4105	7	7	1.31	1	0:00:00.170467
4110	2	2	1.94	1	0:00:00.170745
4115	8	8	1.94	1	0:00:00.170126
4120	4	0	0.199	0	0:00:00.170935
4125	8	8	0.331	1	0:00:00.170277
4130	6	6	1.94	1	0:00:00.170188
4135	1	2	0.153	0	0:00:00.168011
4140	5	5	1.94	1	0:00:00.170553
4145	8	8	1.94	1	0:00:00.169886
4150	6	6	1.94	1	0:00:00.169950
4155	3	3	1.75	1	0:00:00.170953
4160	5	5	0.156	1	0:00:00.170076
4165	8	8	0.443	1	0:00:00.169673
4170	1	6	0.0765	0	0:00:00.167912
4175	3	3	0.316	1	0:00:00.170152
4180	0	0	0.506	1	0:00:00.170220
4185	7	7	0.7	1	0:00:00.167547
4190	3	7	0.147	0	0:00:00.169938
4195	3	3	1.94	1	0:00:00.170030
4200	4	4	0.632	1	0:00:00.167690
4205	4	4	0.813	1	0:00:00.172282
4210	3	5	0.161	0	0:00:00.170702
4215	1	9	0.334	0	0:00:00.170878
4220	4	0	1.94	0	0:00:00.170176
4225	5	5	0.657	1	0:00:00.170772
4230	6	6	0.0989	1	0:00:00.170014
4235	9	9	1.94	1	0:00:00.167676
4240	7	8	0.0255	0	0:00:00.170511
4245	1	1	0.993	1	0:00:00.170310
4250	1	6	0.353	0	0:00:00.170309
4255	9	9	1.11	1	0:00:00.170462
4260	8	8	1.17	1	0:00:00.170466
4265	6	6	0.146	1	0:00:00.170403
4270	0	0	1.35	1	0:00:00.170487
4275	5	5	1.94	1	0:00:00.169870
4280	8	8	0.00732	1	0:00:00.167614
4285	1	6	0.312	0	0:00:00.170283
4290	2	2	0.18	1	0:00:00.170256
4295	0	0	1.94	1	0:00:00.169925
4300	8	8	1.66	1	0:00:00.170061
4305	0	0	1.94	1	0:00:00.170294
4310	4	7	0.255	0	0:00:00.170482
4315	6	4	0.771	0	0:00:00.170429
4320	1	8	1.48	0	0:00:00.170861
4325	6	6	0.17	1	0:00:00.170768
4330	9	9	1.94	1	0:00:00.167633
4335	9	9	1.24	1	0:00:00.170882
4340	0	0	1.04	1	0:00:00.170603
4345	6	5	0.672	0	0:00:00.170643
4350	4	4	0.784	1	0:00:00.172184
4355	0	6	1.38	0	0:00:00.170514
4360	6	6	0.039	1	0:00:00.170219
4365	9	9	1.94	1	0:00:00.170832
4370	8	8	1.94	1	0:00:00.170156
4375	3	5	0.29	0	0:00:00.170729
4380	9	9	1.94	1	0:00:00.168472
4385	8	8	0.166	1	0:00:00.170130
4390	5	5	1.94	1	0:00:00.170415
4395	7	7	1.94	1	0:00:00.170412
4400	3	4	0.697	0	0:00:00.170948
4405	6	6	1.94	1	0:00:00.169915
4410	9	9	1.22	1	0:00:00.170701
4415	0	0	1.24	1	0:00:00.170194
4420	5	5	0.123	1	0:00:00.170068
4425	1	1	0.44	1	0:00:00.167587
4430	1	1	1.29	1	0:00:00.170247
4435	3	3	1.26	1	0:00:00.170711
4440	2	6	0.611	0	0:00:00.170058
4445	9	9	0.825	1	0:00:00.170279
4450	0	0	0.349	1	0:00:00.170140
4455	8	8	1.94	1	0:00:00.170131
4460	9	9	1.08	1	0:00:00.169881
4465	6	4	0.725	0	0:00:00.170383
4470	0	0	1.38	1	0:00:00.170530
4475	1	1	1.05	1	0:00:00.167917
4480	9	9	1.7	1	0:00:00.170600
4485	3	7	0.788	0	0:00:00.170558
4490	0	0	0.278	1	0:00:00.170577
4495	3	3	1.48	1	0:00:00.170159
4500	3	3	0.397	1	0:00:00.170235
4505	4	4	1.94	1	0:00:00.170140
4510	0	0	1.75	1	0:00:00.170599
4515	0	0	1.94	1	0:00:00.170158
4520	3	6	0.716	0	0:00:00.170201
4525	0	2	0.12	0	0:00:00.168105
4530	5	5	0.342	1	0:00:00.170522
4535	2	6	0.0895	0	0:00:00.170327
4540	9	9	1.94	1	0:00:00.170488
4545	3	3	0.985	1	0:00:00.170334
4550	9	6	1.43	0	0:00:00.170090
4555	5	5	0.51	1	0:00:00.170106
4560	1	1	1.94	1	0:00:00.170891
4565	2	4	1.94	0	0:00:00.169974
4570	9	9	0.413	1	0:00:00.168037
4575	6	6	0.336	1	0:00:00.170444
4580	6	6	0.0886	1	0:00:00.170341
4585	8	4	0.0572	0	0:00:00.170573
4590	9	2	0.792	0	0:00:00.170036
4595	9	1	0.0209	0	0:00:00.170452
4600	4	4	0.0747	1	0:00:00.170887
4605	3	3	1.36	1	0:00:00.169969
4610	6	6	0.563	1	0:00:00.167934
4615	5	4	0.804	0	0:00:00.170800
4620	7	3	1.5	0	0:00:00.167439
4625	4	4	0.657	1	0:00:00.170595
4630	2	4	0.182	0	0:00:00.169507
4635	7	7	0.26	1	0:00:00.170550
4640	2	4	0.208	0	0:00:00.172757
4645	4	6	0.105	0	0:00:00.170738
4650	6	6	0.267	1	0:00:00.170805
4655	7	5	1.2	0	0:00:00.170298
4660	7	4	0.38	0	0:00:00.170058
4665	3	6	0.279	0	0:00:00.170649
4670	8	8	1.68	1	0:00:00.170586
4675	4	0	0.438	0	0:00:00.170751
4680	9	9	0.209	1	0:00:00.170509
4685	4	4	0.671	1	0:00:00.170410
4690	2	4	1.08	0	0:00:00.169948
4695	8	8	1.94	1	0:00:00.170708
4700	6	4	0.0508	0	0:00:00.170593
4705	3	5	0.908	0	0:00:00.172443
4710	3	6	0.0	0	0:00:00.170071
4715	9	9	1.75	1	0:00:00.168446
4720	8	8	0.863	1	0:00:00.170533
4725	9	9	1.94	1	0:00:00.170843
4730	2	4	1.7	0	0:00:00.170911
4735	8	8	1.04	1	0:00:00.170321
4740	5	3	0.373	0	0:00:00.170676
4745	7	8	0.278	0	0:00:00.170503
4750	7	9	0.675	0	0:00:00.170230
4755	1	1	0.477	1	0:00:00.167768
4760	3	3	0.177	1	0:00:00.170308
4765	3	5	0.63	0	0:00:00.168081
4770	9	9	0.522	1	0:00:00.170810
4775	2	3	0.997	0	0:00:00.170504
4780	0	0	1.1	1	0:00:00.170902
4785	3	9	0.212	0	0:00:00.170591
4790	1	9	0.837	0	0:00:00.170435
4795	5	5	0.146	1	0:00:00.170183
4800	9	9	1.94	1	0:00:00.170559
4805	5	3	0.241	0	0:00:00.170592
4810	5	5	1.94	1	0:00:00.170759
4815	9	9	1.4	1	0:00:00.170617
4820	3	5	0.249	0	0:00:00.169957
4825	7	6	0.353	0	0:00:00.170712
4830	3	6	0.43	0	0:00:00.170828
4835	9	9	1.94	1	0:00:00.170591
4840	0	0	1.94	1	0:00:00.170620
4845	3	5	0.36	0	0:00:00.170648
4850	1	9	0.0	0	0:00:00.169942
4855	1	1	1.94	1	0:00:00.170308
4860	5	5	1.94	1	0:00:00.167711
4865	8	9	0.569	0	0:00:00.170355
4870	8	8	0.363	1	0:00:00.170895
4875	1	1	1.75	1	0:00:00.170423
4880	0	2	0.0	0	0:00:00.170636
4885	2	2	0.238	1	0:00:00.170340
4890	1	1	1.94	1	0:00:00.169900
4895	1	1	1.94	1	0:00:00.170927
4900	3	6	0.116	0	0:00:00.168264
4905	7	7	1.94	1	0:00:00.170186
4910	8	8	0.329	1	0:00:00.167740
4915	5	5	1.94	1	0:00:00.170573
4920	7	7	1.41	1	0:00:00.170696
4925	5	3	0.615	0	0:00:00.170873
4930	1	1	0.36	1	0:00:00.167518
4935	5	5	1.31	1	0:00:00.173618
4940	6	4	0.0363	0	0:00:00.170363
4945	9	1	0.664	0	0:00:00.170444
4950	2	2	1.7	1	0:00:00.170506
4955	2	8	0.75	0	0:00:00.170211
4960	4	6	0.291	0	0:00:00.170907
4965	3	6	0.557	0	0:00:00.170782
4970	2	3	0.491	0	0:00:00.170433
4975	3	3	0.478	1	0:00:00.170703
4980	1	9	1.94	0	0:00:00.169706
4985	4	4	0.711	1	0:00:00.170466
4990	7	5	0.00732	0	0:00:00.170400
4995	2	3	0.126	0	0:00:00.170549
5000	7	7	1.94	1	0:00:00.170330
5005	5	5	0.548	1	0:00:00.168609
5010	7	7	1.94	1	0:00:00.172985
5015	2	2	1.94	1	0:00:00.170386
5020	8	8	1.53	1	0:00:00.170901
5025	5	9	0.691	0	0:00:00.170464
5030	4	4	1.94	1	0:00:00.170798
5035	5	5	1.94	1	0:00:00.170269
5040	3	3	1.21	1	0:00:00.170007
5045	7	7	0.777	1	0:00:00.167482
5050	3	6	0.425	0	0:00:00.171014
5055	0	0	1.94	1	0:00:00.170112
5060	6	6	1.53	1	0:00:00.171871
5065	0	0	0.159	1	0:00:00.172140
5070	7	5	0.152	0	0:00:00.171809
5075	6	6	0.5	1	0:00:00.168947
5080	7	7	1.94	1	0:00:00.174313
5085	2	2	0.148	1	0:00:00.171440
5090	1	1	0.43	1	0:00:00.171967
5095	8	8	1.75	1	0:00:00.171294
5100	3	3	1.4	1	0:00:00.171698
5105	7	7	0.441	1	0:00:00.171948
5110	8	8	1.94	1	0:00:00.170253
5115	5	5	1.94	1	0:00:00.173476
5120	9	9	0.271	1	0:00:00.171495
5125	1	1	0.815	1	0:00:00.172056
5130	5	8	0.935	0	0:00:00.171142
5135	1	1	1.18	1	0:00:00.171621
5140	8	8	1.2	1	0:00:00.172172
5145	4	4	1.94	1	0:00:00.172038
5150	4	6	1.14	0	0:00:00.169957
5155	3	5	0.622	0	0:00:00.174462
5160	0	0	0.15	1	0:00:00.172225
5165	2	4	0.0646	0	0:00:00.172384
5170	9	9	1.94	1	0:00:00.171758
5175	6	6	1.94	1	0:00:00.172102
5180	9	7	0.173	0	0:00:00.171670
5185	3	9	0.878	0	0:00:00.171515
5190	0	2	0.25	0	0:00:00.169420
5195	4	4	0.677	1	0:00:00.172011
5200	3	3	1.94	1	0:00:00.171368
5205	8	0	1.12	0	0:00:00.174091
5210	5	5	1.48	1	0:00:00.171702
5215	2	2	0.421	1	0:00:00.172311
5220	0	0	1.94	1	0:00:00.169615
5225	0	0	1.31	1	0:00:00.174048
5230	8	3	0.189	0	0:00:00.171975
5235	1	3	0.0	0	0:00:00.172442
5240	1	9	0.223	0	0:00:00.171935
5245	1	1	1.7	1	0:00:00.172017
5250	7	7	1.94	1	0:00:00.171812
5255	0	0	0.753	1	0:00:00.172343
5260	0	0	1.94	1	0:00:00.172174
5265	2	2	1.4	1	0:00:00.171797
5270	1	1	1.21	1	0:00:00.172168
5275	2	0	0.0	0	0:00:00.171885
5280	0	8	1.0	0	0:00:00.171919
5285	1	1	1.38	1	0:00:00.171517
5290	3	5	0.0472	0	0:00:00.171793
5295	0	8	0.589	0	0:00:00.169246
5300	9	9	1.03	1	0:00:00.172187
5305	7	2	0.194	0	0:00:00.173940
5310	0	0	0.587	1	0:00:00.171577
5315	9	9	1.94	1	0:00:00.172331
5320	7	7	1.94	1	0:00:00.171881
5325	8	8	0.204	1	0:00:00.171813
5330	7	3	1.31	0	0:00:00.172060
5335	9	1	0.847	0	0:00:00.169075
5340	3	4	1.4	0	0:00:00.173981
5345	4	6	0.523	0	0:00:00.169451
5350	9	9	1.94	1	0:00:00.171808
5355	8	8	1.94	1	0:00:00.171235
5360	9	9	1.94	1	0:00:00.174054
5365	8	4	0.246	0	0:00:00.169275
5370	6	6	0.429	1	0:00:00.174568
5375	1	9	0.412	0	0:00:00.171735
5380	1	9	1.75	0	0:00:00.171484
5385	2	3	1.19	0	0:00:00.171441
5390	1	1	1.94	1	0:00:00.171790
5395	0	0	0.0705	1	0:00:00.169756
5400	9	9	1.15	1	0:00:00.171694
5405	2	0	1.94	0	0:00:00.174141
5410	3	5	0.564	0	0:00:00.172128
5415	4	4	0.098	1	0:00:00.172364
5420	6	6	0.609	1	0:00:00.172539
5425	6	9	0.00912	0	0:00:00.171575
5430	7	7	0.738	1	0:00:00.172146
5435	7	4	0.406	0	0:00:00.171693
5440	9	9	1.94	1	0:00:00.169263
5445	7	7	0.628	1	0:00:00.171504
5450	5	3	1.48	0	0:00:00.173632
5455	9	1	0.85	0	0:00:00.172450
5460	0	0	1.66	1	0:00:00.171551
5465	7	4	0.419	0	0:00:00.172045
5470	1	1	1.94	1	0:00:00.171511
5475	0	0	1.94	1	0:00:00.172246
5480	1	1	0.727	1	0:00:00.169531
5485	8	8	1.94	1	0:00:00.174624
5490	3	6	0.931	0	0:00:00.169773
5495	4	4	0.979	1	0:00:00.173756
5500	8	8	0.39	1	0:00:00.172049
5505	4	4	0.33	1	0:00:00.172393
5510	4	4	0.372	1	0:00:00.169993
5515	4	3	0.533	0	0:00:00.174191
5520	4	5	0.0	0	0:00:00.172067
5525	3	3	0.939	1	0:00:00.171633
5530	3	6	0.325	0	0:00:00.171987
5535	3	3	1.03	1	0:00:00.171692
5540	5	4	0.684	0	0:00:00.169732
5545	6	6	1.53	1	0:00:00.174232
5550	5	5	0.379	1	0:00:00.172395
5555	4	2	0.549	0	0:00:00.172155
5560	3	6	0.0728	0	0:00:00.172184
5565	3	4	0.744	0	0:00:00.171845
5570	5	5	1.7	1	0:00:00.172051
5575	3	4	0.502	0	0:00:00.171853
5580	5	6	0.593	0	0:00:00.172168
5585	0	0	1.94	1	0:00:00.169638
5590	4	2	0.573	0	0:00:00.174401
5595	6	4	0.404	0	0:00:00.172168
5600	6	9	1.13	0	0:00:00.171882
5605	3	6	0.869	0	0:00:00.171993
5610	8	8	0.17	1	0:00:00.171840
5615	5	5	1.0	1	0:00:00.171665
5620	3	2	0.395	0	0:00:00.171250
5625	5	5	1.54	1	0:00:00.172568
5630	3	8	0.201	0	0:00:00.170867
5635	7	7	1.94	1	0:00:00.170327
5640	2	3	0.606	0	0:00:00.171419
5645	5	3	0.312	0	0:00:00.171585
5650	5	5	0.164	1	0:00:00.172240
5655	3	1	0.402	0	0:00:00.172147
5660	9	9	1.21	1	0:00:00.171371
5665	2	0	1.94	0	0:00:00.171046
5670	4	6	0.788	0	0:00:00.170458
5675	7	7	1.94	1	0:00:00.170969
5680	2	3	0.377	0	0:00:00.171107
5685	1	1	1.94	1	0:00:00.169519
5690	7	3	0.0211	0	0:00:00.164277
5695	7	7	1.94	1	0:00:00.169967
5700	3	3	0.35	1	0:00:00.170925
5705	2	6	0.0	0	0:00:00.170459
5710	6	4	0.894	0	0:00:00.170394
5715	6	6	1.94	1	0:00:00.170359
5720	9	9	1.94	1	0:00:00.170123
5725	5	5	0.438	1	0:00:00.170158
5730	5	9	1.35	0	0:00:00.167297
5735	0	0	1.94	1	0:00:00.170778
5740	6	4	0.837	0	0:00:00.170312
5745	5	5	0.666	1	0:00:00.170614
5750	6	6	0.131	1	0:00:00.170298
5755	4	4	1.3	1	0:00:00.170727
5760	2	2	0.218	1	0:00:00.170657
5765	9	9	1.94	1	0:00:00.170195
5770	8	8	1.94	1	0:00:00.170706
5775	7	4	0.207	0	0:00:00.170190
5780	7	7	1.94	1	0:00:00.167825
5785	2	2	1.94	1	0:00:00.170357
5790	9	9	1.75	1	0:00:00.171580
5795	7	4	0.734	0	0:00:00.171239
5800	2	4	0.797	0	0:00:00.173873
5805	1	1	0.333	1	0:00:00.169810
5810	5	5	1.53	1	0:00:00.170363
5815	3	3	1.13	1	0:00:00.170091
5820	5	6	9.83e-05	0	0:00:00.170103
5825	3	6	1.94	0	0:00:00.170547
5830	5	6	1.75	0	0:00:00.168109
5835	3	9	0.799	0	0:00:00.170591
5840	2	6	0.46	0	0:00:00.171589
5845	5	5	1.94	1	0:00:00.171893
5850	6	4	1.94	0	0:00:00.171313
5855	7	5	0.242	0	0:00:00.171234
5860	0	0	0.498	1	0:00:00.171475
5865	6	4	0.232	0	0:00:00.173172
5870	7	7	0.682	1	0:00:00.170331
5875	1	1	1.94	1	0:00:00.168293
5880	0	0	0.938	1	0:00:00.170516
5885	4	4	1.75	1	0:00:00.171509
5890	3	6	0.659	0	0:00:00.171917
5895	6	6	1.94	1	0:00:00.171130
5900	4	4	0.586	1	0:00:00.171557
5905	1	1	1.36	1	0:00:00.171422
5910	2	9	0.232	0	0:00:00.171388
5915	5	3	1.31	0	0:00:00.171562
5920	8	8	1.94	1	0:00:00.173199
5925	3	6	1.08	0	0:00:00.168115
5930	5	2	0.997	0	0:00:00.170792
5935	6	6	1.27	1	0:00:00.171002
5940	7	4	1.04	0	0:00:00.171783
5945	9	9	1.53	1	0:00:00.170976
5950	9	9	0.15	1	0:00:00.171497
5955	5	4	1.28	0	0:00:00.171953
5960	2	4	0.275	0	0:00:00.171407
5965	7	7	1.94	1	0:00:00.171113
5970	1	1	1.94	1	0:00:00.171888
5975	9	9	1.94	1	0:00:00.171676
5980	9	9	1.94	1	0:00:00.171809
5985	4	4	0.935	1	0:00:00.171162
5990	8	4	0.0326	0	0:00:00.171393
5995	0	0	1.94	1	0:00:00.170896
6000	8	8	0.139	1	0:00:00.171810
6005	4	4	0.171	1	0:00:00.171510
6010	1	6	1.94	0	0:00:00.171767
6015	0	9	0.0858	0	0:00:00.171779
6020	6	6	1.27	1	0:00:00.170956
6025	6	6	1.94	1	0:00:00.172292
6030	8	1	0.411	0	0:00:00.172004
6035	5	3	1.63	0	0:00:00.171677
6040	2	7	0.625	0	0:00:00.171703
6045	8	8	1.94	1	0:00:00.171216
6050	2	6	0.439	0	0:00:00.171966
6055	0	8	0.229	0	0:00:00.171611
6060	3	4	1.14	0	0:00:00.171601
6065	5	4	0.99	0	0:00:00.171768
6070	8	9	1.21	0	0:00:00.171212
6075	3	6	0.745	0	0:00:00.174137
6080	1	1	0.503	1	0:00:00.170319
6085	2	6	0.722	0	0:00:00.167890
6090	1	1	1.75	1	0:00:00.172553
6095	9	9	0.867	1	0:00:00.170763
6100	1	1	1.75	1	0:00:00.170245
6105	0	0	1.94	1	0:00:00.169997
6110	9	9	1.94	1	0:00:00.170053
6115	8	8	1.94	1	0:00:00.170386
6120	5	5	1.94	1	0:00:00.168096
6125	8	8	1.7	1	0:00:00.170906
6130	1	1	0.445	1	0:00:00.171272
6135	3	3	0.838	1	0:00:00.171496
6140	9	9	1.94	1	0:00:00.171720
6145	2	3	0.518	0	0:00:00.171386
6150	1	9	0.329	0	0:00:00.171424
6155	8	8	1.94	1	0:00:00.171359
6160	2	5	0.84	0	0:00:00.171904
6165	5	6	0.425	0	0:00:00.170872
6170	2	2	0.582	1	0:00:00.174037
6175	3	3	0.362	1	0:00:00.170377
6180	0	9	0.0692	0	0:00:00.169437
6185	5	5	1.75	1	0:00:00.170451
6190	4	6	0.318	0	0:00:00.170078
6195	1	1	0.625	1	0:00:00.170403
6200	3	3	0.68	1	0:00:00.170644
6205	1	1	0.351	1	0:00:00.170628
6210	4	3	0.41	0	0:00:00.170610
6215	2	0	1.12	0	0:00:00.167709
6220	2	6	1.27	0	0:00:00.170591
6225	3	3	1.43	1	0:00:00.171439
6230	2	4	1.75	0	0:00:00.170980
6235	6	3	0.69	0	0:00:00.171834
6240	2	6	0.373	0	0:00:00.171406
6245	6	6	0.453	1	0:00:00.171564
6250	4	7	0.0	0	0:00:00.172045
6255	6	6	1.48	1	0:00:00.171887
6260	2	9	0.29	0	0:00:00.171246
6265	4	4	1.94	1	0:00:00.171885
6270	2	6	1.75	0	0:00:00.174520
6275	9	9	0.111	1	0:00:00.170377
6280	8	5	0.619	0	0:00:00.169867
6285	8	0	0.292	0	0:00:00.170330
6290	9	1	0.306	0	0:00:00.170118
6295	8	8	1.94	1	0:00:00.169878
6300	1	1	0.0236	1	0:00:00.169728
6305	6	4	0.165	0	0:00:00.170415
6310	5	5	1.94	1	0:00:00.168247
6315	6	5	0.981	0	0:00:00.169714
6320	0	0	1.94	1	0:00:00.171880
6325	7	7	1.94	1	0:00:00.171423
6330	6	6	0.424	1	0:00:00.172061
6335	2	2	0.248	1	0:00:00.171124
6340	3	3	1.43	1	0:00:00.171348
6345	3	6	0.294	0	0:00:00.170977
6350	0	0	1.94	1	0:00:00.171700
6355	0	0	1.94	1	0:00:00.171926
6360	2	2	0.0136	1	0:00:00.171518
6365	7	7	0.357	1	0:00:00.171698
6370	6	5	0.137	0	0:00:00.171590
6375	3	2	1.7	0	0:00:00.171526
6380	3	6	0.539	0	0:00:00.171619
6385	5	4	0.691	0	0:00:00.171920
6390	7	7	1.94	1	0:00:00.171161
6395	8	8	0.518	1	0:00:00.171777
6400	0	8	0.0	0	0:00:00.170700
6405	1	1	0.001	1	0:00:00.171431
6410	1	1	1.94	1	0:00:00.171417
6415	1	1	0.65	1	0:00:00.172763
6420	7	7	1.94	1	0:00:00.174293
6425	2	2	0.485	1	0:00:00.174433
6430	1	1	0.0818	1	0:00:00.173844
6435	9	9	1.08	1	0:00:00.173638
6440	3	9	0.0955	0	0:00:00.174407
6445	1	1	1.75	1	0:00:00.173889
6450	0	0	1.94	1	0:00:00.174180
6455	6	6	1.94	1	0:00:00.174155
6460	3	6	0.0914	0	0:00:00.174290
6465	3	3	1.94	1	0:00:00.173792
6470	1	9	0.475	0	0:00:00.174008
6475	2	3	0.168	0	0:00:00.173797
6480	0	0	0.732	1	0:00:00.174664
6485	9	9	1.94	1	0:00:00.173331
6490	8	9	1.21	0	0:00:00.174407
6495	7	7	0.324	1	0:00:00.173692
6500	7	2	0.0	0	0:00:00.174456
6505	4	6	1.43	0	0:00:00.174212
6510	4	6	0.881	0	0:00:00.174287
6515	2	2	0.348	1	0:00:00.174089
6520	6	4	1.15	0	0:00:00.174256
6525	3	3	0.896	1	0:00:00.174273
6530	3	6	1.0	0	0:00:00.174225
6535	5	5	1.3	1	0:00:00.174198
6540	8	8	1.94	1	0:00:00.173636
6545	9	0	1.94	0	0:00:00.173916
6550	1	1	1.94	1	0:00:00.174490
6555	1	1	1.39	1	0:00:00.174330
6560	6	6	1.39	1	0:00:00.174500
6565	9	9	0.581	1	0:00:00.173997
6570	9	8	0.0	0	0:00:00.174199
6575	3	5	0.85	0	0:00:00.174049
6580	1	9	0.00912	0	0:00:00.174171
6585	1	1	1.94	1	0:00:00.174430
6590	5	3	0.265	0	0:00:00.173454
6595	2	0	0.378	0	0:00:00.173982
6600	7	7	1.94	1	0:00:00.174869
6605	6	3	0.342	0	0:00:00.174593
6610	8	8	1.31	1	0:00:00.174046
6615	7	7	0.662	1	0:00:00.173403
6620	7	7	1.75	1	0:00:00.174444
6625	4	6	1.7	0	0:00:00.173782
6630	7	4	0.365	0	0:00:00.174297
6635	6	9	0.166	0	0:00:00.174386
6640	5	3	1.94	0	0:00:00.174028
6645	6	3	0.654	0	0:00:00.174366
6650	0	0	0.851	1	0:00:00.174830
6655	1	1	0.895	1	0:00:00.174491
6660	0	0	1.75	1	0:00:00.174286
6665	4	0	0.976	0	0:00:00.174078
6670	3	6	1.48	0	0:00:00.174547
6675	2	2	1.94	1	0:00:00.173790
6680	3	3	0.863	1	0:00:00.174423
6685	1	9	0.129	0	0:00:00.173604
6690	5	5	0.862	1	0:00:00.174206
6695	4	6	1.01	0	0:00:00.173903
6700	6	6	1.2	1	0:00:00.174779
6705	3	6	0.753	0	0:00:00.174307
6710	3	3	1.21	1	0:00:00.174397
6715	2	6	0.377	0	0:00:00.174157
6720	2	2	0.444	1	0:00:00.173728
6725	8	8	1.94	1	0:00:00.174155
6730	8	8	1.94	1	0:00:00.174092
6735	9	9	0.388	1	0:00:00.174116
6740	2	6	0.381	0	0:00:00.174002
6745	7	7	0.435	1	0:00:00.174539
6750	4	3	0.377	0	0:00:00.174312
6755	9	9	0.687	1	0:00:00.174020
6760	5	5	0.376	1	0:00:00.174233
6765	8	8	0.443	1	0:00:00.174450
6770	1	1	1.94	1	0:00:00.174371
6775	0	0	1.35	1	0:00:00.173949
6780	7	7	1.94	1	0:00:00.174333
6785	6	3	0.276	0	0:00:00.174340
6790	7	5	0.9	0	0:00:00.174682
6795	9	5	0.337	0	0:00:00.174556
6800	6	6	1.94	1	0:00:00.174443
6805	1	1	1.75	1	0:00:00.174190
6810	8	8	1.48	1	0:00:00.174468
6815	0	0	1.94	1	0:00:00.174378
6820	1	1	1.94	1	0:00:00.174426
6825	3	3	0.578	1	0:00:00.173323
6830	1	9	0.206	0	0:00:00.174670
6835	5	3	0.215	0	0:00:00.173757
6840	9	9	1.35	1	0:00:00.174439
6845	2	4	0.259	0	0:00:00.174039
6850	6	6	0.736	1	0:00:00.174581
6855	4	6	1.94	0	0:00:00.174155
6860	0	0	1.75	1	0:00:00.173806
6865	3	5	0.276	0	0:00:00.174065
6870	7	7	0.705	1	0:00:00.173909
6875	5	5	1.75	1	0:00:00.174324
6880	2	2	1.7	1	0:00:00.173586
6885	0	0	1.75	1	0:00:00.174595
6890	5	5	0.83	1	0:00:00.174204
6895	2	6	0.633	0	0:00:00.173925
6900	3	3	0.821	1	0:00:00.174242
6905	2	4	1.28	0	0:00:00.173975
6910	7	7	0.521	1	0:00:00.174051
6915	1	1	0.945	1	0:00:00.174382
6920	5	2	0.724	0	0:00:00.173979
6925	2	2	1.4	1	0:00:00.173893
6930	2	0	1.94	0	0:00:00.174159
6935	7	7	1.26	1	0:00:00.174312
6940	1	1	1.94	1	0:00:00.174097
6945	5	5	1.94	1	0:00:00.173965
6950	8	0	1.03	0	0:00:00.174372
6955	7	7	1.01	1	0:00:00.174347
6960	9	8	1.06	0	0:00:00.173684
6965	6	3	1.27	0	0:00:00.174353
6970	0	5	0.157	0	0:00:00.173947
6975	8	1	1.07	0	0:00:00.173872
6980	0	9	1.14	0	0:00:00.174548
6985	0	9	1.27	0	0:00:00.174557
6990	3	3	1.94	1	0:00:00.174329
6995	1	1	0.353	1	0:00:00.174080
7000	2	8	0.354	0	0:00:00.173594
7005	1	8	0.557	0	0:00:00.174500
7010	0	0	0.724	1	0:00:00.174072
7015	3	5	0.678	0	0:00:00.173905
7020	7	7	1.94	1	0:00:00.173610
7025	6	6	1.36	1	0:00:00.174350
7030	8	8	0.627	1	0:00:00.174134
7035	1	6	0.218	0	0:00:00.173757
7040	7	8	0.349	0	0:00:00.174540
7045	3	1	0.19	0	0:00:00.174038
7050	8	9	0.789	0	0:00:00.173851
7055	8	8	0.0633	1	0:00:00.174292
7060	8	8	1.65	1	0:00:00.173715
7065	2	4	0.529	0	0:00:00.174238
7070	7	4	0.604	0	0:00:00.174316
7075	9	9	1.94	1	0:00:00.169074
7080	5	4	1.48	0	0:00:00.170657
7085	5	4	0.249	0	0:00:00.170113
7090	2	3	0.0	0	0:00:00.168069
7095	4	4	0.216	1	0:00:00.172512
7100	9	3	0.112	0	0:00:00.170026
7105	3	3	1.94	1	0:00:00.170087
7110	3	3	0.28	1	0:00:00.170137
7115	0	0	1.94	1	0:00:00.169864
7120	7	7	1.57	1	0:00:00.170467
7125	5	5	0.153	1	0:00:00.168093
7130	6	6	1.94	1	0:00:00.170450
7135	4	4	1.31	1	0:00:00.170174
7140	4	4	1.75	1	0:00:00.170608
7145	3	3	0.86	1	0:00:00.170369
7150	3	0	1.05	0	0:00:00.169646
7155	9	9	0.0655	1	0:00:00.170265
7160	5	5	0.979	1	0:00:00.170326
7165	0	0	0.451	1	0:00:00.170731
7170	9	9	1.7	1	0:00:00.167406
7175	7	7	0.647	1	0:00:00.170562
7180	6	6	1.94	1	0:00:00.171154
7185	8	8	1.38	1	0:00:00.171863
7190	2	4	0.715	0	0:00:00.170936
7195	7	2	0.0	0	0:00:00.170977
7200	4	4	0.263	1	0:00:00.171288
7205	6	4	0.328	0	0:00:00.171605
7210	3	6	0.0	0	0:00:00.171993
7215	1	1	1.94	1	0:00:00.171908
7220	9	9	1.24	1	0:00:00.171407
7225	1	1	1.94	1	0:00:00.172048
7230	2	2	1.28	1	0:00:00.170211
7235	2	4	0.0127	0	0:00:00.172032
7240	0	8	1.09	0	0:00:00.173673
7245	4	4	1.6	1	0:00:00.172065
7250	8	8	1.7	1	0:00:00.170914
7255	3	6	1.94	0	0:00:00.170367
7260	1	1	0.266	1	0:00:00.170139
7265	5	3	1.11	0	0:00:00.170642
7270	9	9	1.07	1	0:00:00.167902
7275	3	5	0.445	0	0:00:00.170472
7280	1	1	0.646	1	0:00:00.170467
7285	1	1	0.891	1	0:00:00.169615
7290	6	3	0.412	0	0:00:00.170733
7295	5	5	1.94	1	0:00:00.169766
7300	3	4	0.139	0	0:00:00.169879
7305	6	4	0.273	0	0:00:00.170581
7310	3	5	1.68	0	0:00:00.170380
7315	0	8	0.0581	0	0:00:00.167687
7320	8	0	0.501	0	0:00:00.170418
7325	4	4	1.94	1	0:00:00.171508
7330	5	5	0.0218	1	0:00:00.171903
7335	4	4	1.31	1	0:00:00.171481
7340	2	4	1.75	0	0:00:00.171494
7345	6	6	1.94	1	0:00:00.171269
7350	9	9	1.94	1	0:00:00.171293
7355	7	7	1.36	1	0:00:00.172891
7360	2	3	0.135	0	0:00:00.174605
7365	4	6	0.626	0	0:00:00.173694
7370	3	1	0.86	0	0:00:00.174295
7375	2	9	1.94	0	0:00:00.174270
7380	7	7	1.94	1	0:00:00.174322
7385	9	9	1.94	1	0:00:00.174339
7390	6	9	0.77	0	0:00:00.173409
7395	2	2	0.469	1	0:00:00.174505
7400	3	3	1.49	1	0:00:00.173566
7405	7	7	1.94	1	0:00:00.173825
7410	4	6	1.18	0	0:00:00.174493
7415	3	3	1.94	1	0:00:00.173981
7420	3	0	0.303	0	0:00:00.175063
7425	2	6	1.94	0	0:00:00.174218
7430	2	6	0.148	0	0:00:00.174205
7435	7	4	0.901	0	0:00:00.174133
7440	3	6	0.0	0	0:00:00.174150
7445	6	6	0.0996	1	0:00:00.174052
7450	1	1	1.94	1	0:00:00.174369
7455	1	9	1.75	0	0:00:00.174390
7460	5	5	1.94	1	0:00:00.174470
7465	0	0	0.0722	1	0:00:00.173925
7470	9	6	0.58	0	0:00:00.174118
7475	3	3	0.596	1	0:00:00.173698
7480	1	8	0.0905	0	0:00:00.174332
7485	8	8	1.94	1	0:00:00.173766
7490	4	4	0.46	1	0:00:00.174526
7495	7	7	1.16	1	0:00:00.174094
7500	6	6	1.94	1	0:00:00.174620
7505	7	7	1.94	1	0:00:00.174472
7510	8	8	1.75	1	0:00:00.174690
7515	8	8	0.586	1	0:00:00.173790
7520	4	4	0.66	1	0:00:00.173828
7525	8	8	1.94	1	0:00:00.174472
7530	2	4	0.119	0	0:00:00.175044
7535	1	1	0.82	1	0:00:00.174590
7540	5	5	1.94	1	0:00:00.174402
7545	5	3	0.0417	0	0:00:00.173970
7550	4	4	1.94	1	0:00:00.173941
7555	1	1	1.16	1	0:00:00.174337
7560	0	0	0.391	1	0:00:00.173842
7565	1	1	1.94	1	0:00:00.174000
7570	1	1	1.94	1	0:00:00.173859
7575	8	8	1.94	1	0:00:00.174189
7580	8	8	1.39	1	0:00:00.174121
7585	6	6	1.94	1	0:00:00.173857
7590	2	4	1.68	0	0:00:00.174570
7595	1	9	0.278	0	0:00:00.173684
7600	8	9	1.23	0	0:00:00.174371
7605	2	4	1.11	0	0:00:00.175041
7610	7	7	0.448	1	0:00:00.174343
7615	5	6	1.94	0	0:00:00.174292
7620	5	3	1.39	0	0:00:00.174331
7625	7	7	0.435	1	0:00:00.174375
7630	9	9	1.94	1	0:00:00.173574
7635	9	9	0.793	1	0:00:00.174213
7640	9	9	1.02	1	0:00:00.175126
7645	0	0	1.75	1	0:00:00.170586
7650	2	6	0.899	0	0:00:00.167701
7655	8	0	0.203	0	0:00:00.168233
7660	7	7	0.144	1	0:00:00.170591
7665	9	9	1.53	1	0:00:00.171657
7670	2	2	0.451	1	0:00:00.173808
7675	8	5	0.165	0	0:00:00.170522
7680	3	9	0.249	0	0:00:00.170841
7685	9	0	0.113	0	0:00:00.169690
7690	6	6	1.94	1	0:00:00.170544
7695	8	8	1.94	1	0:00:00.170163
7700	6	6	1.94	1	0:00:00.167694
7705	7	4	0.356	0	0:00:00.170881
7710	9	9	1.0	1	0:00:00.171241
7715	1	1	1.94	1	0:00:00.171598
7720	5	5	1.02	1	0:00:00.171982
7725	4	4	1.94	1	0:00:00.171552
7730	4	6	0.128	0	0:00:00.171667
7735	4	0	1.45	0	0:00:00.171501
7740	4	4	1.15	1	0:00:00.171987
7745	7	7	1.94	1	0:00:00.170904
7750	3	4	0.749	0	0:00:00.171549
7755	7	7	1.94	1	0:00:00.172319
7760	2	9	0.793	0	0:00:00.171540
7765	8	8	1.94	1	0:00:00.171580
7770	9	9	1.94	1	0:00:00.171769
7775	2	6	1.3	0	0:00:00.171378
7780	3	1	0.0	0	0:00:00.171807
7785	4	4	0.831	1	0:00:00.171667
7790	8	8	0.396	1	0:00:00.170401
7795	5	9	1.08	0	0:00:00.168162
7800	0	0	1.94	1	0:00:00.170049
7805	9	1	0.316	0	0:00:00.170313
7810	6	6	1.94	1	0:00:00.168268
7815	0	1	0.0632	0	0:00:00.172334
7820	5	5	0.342	1	0:00:00.170122
7825	3	3	1.18	1	0:00:00.170187
7830	2	1	0.0933	0	0:00:00.169803
7835	0	0	1.94	1	0:00:00.170006
7840	1	1	1.94	1	0:00:00.170535
7845	2	2	0.116	1	0:00:00.168606
7850	0	8	1.18	0	0:00:00.169887
7855	2	2	0.815	1	0:00:00.171491
7860	8	8	0.237	1	0:00:00.171298
7865	3	3	0.336	1	0:00:00.171259
7870	6	6	1.94	1	0:00:00.171658
7875	2	2	0.24	1	0:00:00.171679
7880	0	0	0.784	1	0:00:00.170754
7885	3	3	0.376	1	0:00:00.172106
7890	6	6	1.09	1	0:00:00.171672
7895	4	4	0.0618	1	0:00:00.170875
7900	0	8	0.702	0	0:00:00.171853
7905	3	3	0.147	1	0:00:00.171818
7910	3	5	1.53	0	0:00:00.171697
7915	3	5	1.35	0	0:00:00.171625
7920	9	9	0.121	1	0:00:00.171338
7925	0	0	1.94	1	0:00:00.171212
7930	2	0	0.378	0	0:00:00.172869
7935	7	4	1.31	0	0:00:00.174464
7940	2	6	1.94	0	0:00:00.173485
7945	6	4	0.536	0	0:00:00.174977
7950	9	9	1.94	1	0:00:00.174465
7955	9	9	1.23	1	0:00:00.173876
7960	0	0	1.4	1	0:00:00.174962
7965	7	7	1.45	1	0:00:00.174052
7970	3	5	0.956	0	0:00:00.174110
7975	2	4	0.255	0	0:00:00.174181
7980	3	3	0.205	1	0:00:00.174225
7985	5	5	0.597	1	0:00:00.173959
7990	0	0	0.459	1	0:00:00.174051
7995	8	8	1.75	1	0:00:00.174701
8000	9	9	1.94	1	0:00:00.174629
8005	1	1	1.94	1	0:00:00.173666
8010	2	3	0.231	0	0:00:00.173890
8015	8	8	0.715	1	0:00:00.175012
8020	6	6	1.46	1	0:00:00.174286
8025	5	5	0.428	1	0:00:00.174059
8030	2	2	0.849	1	0:00:00.173935
8035	1	1	0.985	1	0:00:00.174628
8040	2	2	0.545	1	0:00:00.174654
8045	5	3	0.0618	0	0:00:00.174482
8050	7	7	0.457	1	0:00:00.173782
8055	2	6	1.65	0	0:00:00.174003
8060	6	6	1.01	1	0:00:00.174447
8065	9	9	1.07	1	0:00:00.174088
8070	5	5	1.33	1	0:00:00.173888
8075	8	8	1.94	1	0:00:00.175253
8080	4	4	0.933	1	0:00:00.174641
8085	2	2	1.21	1	0:00:00.174721
8090	6	6	0.216	1	0:00:00.174239
8095	2	2	1.09	1	0:00:00.174191
8100	6	2	1.2	0	0:00:00.173967
8105	0	8	0.961	0	0:00:00.174666
8110	5	6	0.522	0	0:00:00.174168
8115	5	7	0.588	0	0:00:00.173805
8120	8	9	0.113	0	0:00:00.173744
8125	8	8	0.804	1	0:00:00.174772
8130	6	6	1.2	1	0:00:00.173634
8135	7	2	0.0527	0	0:00:00.174216
8140	5	4	0.283	0	0:00:00.174248
8145	9	5	0.0	0	0:00:00.174282
8150	6	6	1.94	1	0:00:00.174074
8155	1	1	1.94	1	0:00:00.174736
8160	6	6	1.94	1	0:00:00.173713
8165	1	1	0.973	1	0:00:00.173554
8170	5	5	0.703	1	0:00:00.174420
8175	3	4	0.576	0	0:00:00.174182
8180	4	4	0.4	1	0:00:00.174492
8185	0	8	0.029	0	0:00:00.174355
8190	4	6	0.235	0	0:00:00.174220
8195	8	8	1.94	1	0:00:00.173959
8200	3	4	0.438	0	0:00:00.174469
8205	2	4	0.161	0	0:00:00.173747
8210	0	0	1.94	1	0:00:00.174227
8215	1	1	1.94	1	0:00:00.174766
8220	6	6	0.347	1	0:00:00.174162
8225	9	9	1.1	1	0:00:00.174528
8230	0	0	1.94	1	0:00:00.174498
8235	7	7	1.94	1	0:00:00.174414
8240	7	7	1.94	1	0:00:00.174150
8245	3	5	1.4	0	0:00:00.174461
8250	6	6	0.821	1	0:00:00.174298
8255	9	9	0.95	1	0:00:00.174155
8260	1	1	1.94	1	0:00:00.174489
8265	0	8	0.239	0	0:00:00.174031
8270	6	6	1.22	1	0:00:00.173990
8275	3	9	0.761	0	0:00:00.173973
8280	4	3	0.12	0	0:00:00.174950
8285	9	9	1.94	1	0:00:00.174037
8290	8	6	0.264	0	0:00:00.174744
8295	3	3	0.122	1	0:00:00.174749
8300	5	4	0.0989	0	0:00:00.173729
8305	4	6	0.897	0	0:00:00.174256
8310	3	3	0.0	0	0:00:00.173693
8315	6	6	1.94	1	0:00:00.174227
8320	7	4	0.0996	0	0:00:00.174417
8325	8	8	0.285	1	0:00:00.174330
8330	5	5	1.94	1	0:00:00.173832
8335	7	3	1.75	0	0:00:00.174435
8340	5	5	0.694	1	0:00:00.174334
8345	9	9	0.0381	1	0:00:00.173998
8350	9	9	1.94	1	0:00:00.174066
8355	9	9	1.94	1	0:00:00.173881
8360	7	7	1.94	1	0:00:00.174383
8365	6	6	1.94	1	0:00:00.174291
8370	4	4	1.11	1	0:00:00.174870
8375	4	6	0.864	0	0:00:00.174287
8380	9	9	1.94	1	0:00:00.173832
8385	9	1	1.05	0	0:00:00.174430
8390	1	1	1.53	1	0:00:00.173383
8395	1	1	0.204	1	0:00:00.174764
8400	0	8	0.542	0	0:00:00.174854
8405	0	2	1.68	0	0:00:00.174250
8410	5	3	0.0109	0	0:00:00.174331
8415	0	0	0.0417	1	0:00:00.173988
8420	3	4	0.492	0	0:00:00.174572
8425	6	4	0.953	0	0:00:00.174010
8430	9	9	1.75	1	0:00:00.173573
8435	3	9	1.33	0	0:00:00.174669
8440	5	5	0.0895	1	0:00:00.173808
8445	1	1	1.17	1	0:00:00.174326
8450	9	6	0.185	0	0:00:00.174089
8455	1	1	1.94	1	0:00:00.173854
8460	8	8	1.94	1	0:00:00.174482
8465	9	9	1.08	1	0:00:00.174131
8470	8	8	1.53	1	0:00:00.174190
8475	9	4	0.634	0	0:00:00.173707
8480	2	6	0.0127	0	0:00:00.173982
8485	0	0	1.94	1	0:00:00.173871
8490	3	3	0.862	1	0:00:00.173784
8495	1	1	1.94	1	0:00:00.174115
8500	4	4	1.41	1	0:00:00.174694
8505	5	6	0.114	0	0:00:00.173689
8510	7	7	1.94	1	0:00:00.173487
8515	8	8	1.94	1	0:00:00.174827
8520	8	4	0.13	0	0:00:00.174458
8525	3	5	0.0	0	0:00:00.173680
8530	8	8	0.0	0	0:00:00.174552
8535	7	7	0.3	1	0:00:00.174247
8540	4	4	1.24	1	0:00:00.174144
8545	6	6	0.126	1	0:00:00.174123
8550	1	1	1.94	1	0:00:00.173671
8555	5	6	0.0263	0	0:00:00.173606
8560	7	7	1.75	1	0:00:00.174157
8565	7	7	1.03	1	0:00:00.174729
8570	6	6	1.0	1	0:00:00.174453
8575	9	9	1.02	1	0:00:00.174518
8580	3	5	0.195	0	0:00:00.173450
8585	9	9	1.94	1	0:00:00.174002
8590	0	0	1.14	1	0:00:00.174151
8595	1	1	1.94	1	0:00:00.173788
8600	3	3	0.449	1	0:00:00.174257
8605	6	6	0.567	1	0:00:00.174205
8610	2	2	0.0617	1	0:00:00.174357
8615	9	9	0.256	1	0:00:00.174036
8620	3	4	0.462	0	0:00:00.173840
8625	5	5	0.0	0	0:00:00.174223
8630	5	5	1.75	1	0:00:00.174457
8635	6	6	0.358	1	0:00:00.174180
8640	1	1	1.94	1	0:00:00.173704
8645	1	1	1.94	1	0:00:00.174669
8650	2	2	0.0383	1	0:00:00.174187
8655	8	8	1.94	1	0:00:00.173850
8660	7	7	0.932	1	0:00:00.174237
8665	3	4	0.353	0	0:00:00.174121
8670	9	6	0.236	0	0:00:00.174151
8675	7	7	1.94	1	0:00:00.174613
8680	3	4	0.451	0	0:00:00.173712
8685	7	7	0.229	1	0:00:00.173814
8690	8	8	0.768	1	0:00:00.174559
8695	4	4	1.75	1	0:00:00.174039
8700	3	3	1.16	1	0:00:00.173983
8705	6	2	0.262	0	0:00:00.174412
8710	7	7	0.443	1	0:00:00.174161
8715	2	2	0.179	1	0:00:00.173598
8720	2	0	1.94	0	0:00:00.174133
8725	8	8	1.94	1	0:00:00.174294
8730	2	6	0.174	0	0:00:00.173684
8735	3	3	1.11	1	0:00:00.174308
8740	2	4	0.0627	0	0:00:00.174226
8745	5	5	1.94	1	0:00:00.173848
8750	9	9	1.94	1	0:00:00.174687
8755	6	6	1.4	1	0:00:00.173818
8760	8	8	1.94	1	0:00:00.174685
8765	2	3	0.491	0	0:00:00.174217
8770	6	3	0.2	0	0:00:00.173719
8775	1	6	0.0886	0	0:00:00.173693
8780	4	4	1.75	1	0:00:00.174221
8785	8	8	1.94	1	0:00:00.174580
8790	0	0	0.00461	1	0:00:00.173219
8795	0	0	1.94	1	0:00:00.174290
8800	0	0	1.94	1	0:00:00.174304
8805	9	9	0.823	1	0:00:00.174022
8810	2	4	0.53	0	0:00:00.174157
8815	3	3	0.658	1	0:00:00.174330
8820	2	2	1.94	1	0:00:00.174480
8825	0	8	0.359	0	0:00:00.173985
8830	9	9	1.94	1	0:00:00.174495
8835	7	7	1.13	1	0:00:00.174341
8840	2	1	0.342	0	0:00:00.173839
8845	2	2	1.94	1	0:00:00.173924
8850	1	1	0.993	1	0:00:00.174662
8855	4	4	0.385	1	0:00:00.174326
8860	2	2	1.94	1	0:00:00.173449
8865	7	7	1.2	1	0:00:00.174550
8870	5	5	1.94	1	0:00:00.174065
8875	8	1	0.0	0	0:00:00.173635
8880	1	1	1.75	1	0:00:00.173771
8885	3	3	0.425	1	0:00:00.174655
8890	8	8	1.94	1	0:00:00.174616
8895	0	0	1.94	1	0:00:00.174034
8900	2	4	0.877	0	0:00:00.174793
8905	8	8	1.27	1	0:00:00.173929
8910	1	6	0.794	0	0:00:00.174165
8915	9	9	1.94	1	0:00:00.174367
8920	6	6	1.94	1	0:00:00.173608
8925	0	0	1.94	1	0:00:00.174518
8930	3	3	1.26	1	0:00:00.174560
8935	0	8	0.861	0	0:00:00.174062
8940	6	3	1.68	0	0:00:00.174772
8945	1	1	0.717	1	0:00:00.174409
8950	9	9	1.94	1	0:00:00.173583
8955	1	3	0.273	0	0:00:00.173920
8960	0	0	1.94	1	0:00:00.174105
8965	4	0	0.00912	0	0:00:00.174421
8970	0	0	1.35	1	0:00:00.174000
8975	8	8	1.94	1	0:00:00.174144
8980	9	9	1.94	1	0:00:00.174049
8985	9	0	0.726	0	0:00:00.174013
8990	1	1	1.94	1	0:00:00.174958
8995	9	9	1.26	1	0:00:00.174142
9000	8	8	1.94	1	0:00:00.173977
9005	5	5	1.75	1	0:00:00.174167
9010	8	4	0.48	0	0:00:00.173704
9015	8	4	0.8	0	0:00:00.173774
9020	7	7	1.35	1	0:00:00.174863
9025	5	5	1.94	1	0:00:00.173944
9030	2	2	0.575	1	0:00:00.174148
9035	4	4	0.535	1	0:00:00.174945
9040	2	5	1.94	0	0:00:00.174198
9045	0	0	1.94	1	0:00:00.173946
9050	5	3	1.29	0	0:00:00.173753
9055	6	6	1.94	1	0:00:00.174376
9060	9	5	0.0961	0	0:00:00.174190
9065	0	0	0.753	1	0:00:00.174506
9070	2	2	0.0854	1	0:00:00.173979
9075	0	0	1.94	1	0:00:00.174585
9080	3	3	0.0545	1	0:00:00.173792
9085	9	8	0.114	0	0:00:00.174097
9090	2	4	1.26	0	0:00:00.174713
9095	5	5	0.811	1	0:00:00.174326
9100	9	6	0.0719	0	0:00:00.173777
9105	8	8	0.382	1	0:00:00.174877
9110	1	1	1.94	1	0:00:00.174169
9115	8	8	1.94	1	0:00:00.173525
9120	3	0	0.237	0	0:00:00.174253
9125	1	1	1.24	1	0:00:00.173774
9130	8	8	0.0191	1	0:00:00.174696
9135	7	2	0.0	0	0:00:00.174662
9140	7	7	0.8	1	0:00:00.174373
9145	1	1	0.299	1	0:00:00.174254
9150	6	6	1.75	1	0:00:00.173707
9155	5	5	1.53	1	0:00:00.174109
9160	5	5	1.22	1	0:00:00.174068
9165	4	0	0.987	0	0:00:00.173494
9170	0	9	0.169	0	0:00:00.174704
9175	8	8	1.94	1	0:00:00.174755
9180	5	5	1.94	1	0:00:00.174087
9185	1	4	0.0	0	0:00:00.173678
9190	3	3	1.2	1	0:00:00.174521
9195	6	6	0.144	1	0:00:00.173608
9200	8	8	1.94	1	0:00:00.174106
9205	4	4	1.75	1	0:00:00.174481
9210	7	7	0.694	1	0:00:00.174288
9215	5	5	0.00371	1	0:00:00.174302
9220	8	8	1.94	1	0:00:00.174430
9225	5	5	0.126	1	0:00:00.174984
9230	2	4	0.35	0	0:00:00.174164
9235	0	0	0.334	1	0:00:00.174113
9240	8	8	1.75	1	0:00:00.174551
9245	1	1	0.289	1	0:00:00.174517
9250	3	5	0.0	0	0:00:00.174569
9255	3	3	1.43	1	0:00:00.174112
9260	5	5	1.75	1	0:00:00.173913
9265	1	1	1.4	1	0:00:00.174172
9270	9	9	1.75	1	0:00:00.174269
9275	8	8	1.23	1	0:00:00.174387
9280	9	9	0.165	1	0:00:00.173577
9285	8	8	1.33	1	0:00:00.174111
9290	4	2	1.63	0	0:00:00.174069
9295	3	5	1.75	0	0:00:00.173981
9300	5	5	0.928	1	0:00:00.174143
9305	5	4	0.0209	0	0:00:00.173799
9310	3	2	0.479	0	0:00:00.174118
9315	7	7	1.94	1	0:00:00.174551
9320	9	9	1.75	1	0:00:00.174005
9325	6	6	1.29	1	0:00:00.174602
9330	4	4	1.11	1	0:00:00.174436
9335	4	4	0.743	1	0:00:00.174009
9340	1	1	1.94	1	0:00:00.174272
9345	1	9	0.105	0	0:00:00.174286
9350	6	6	0.808	1	0:00:00.173514
9355	6	8	0.0	0	0:00:00.175021
9360	5	0	0.666	0	0:00:00.174322
9365	6	6	1.7	1	0:00:00.174348
9370	8	9	0.557	0	0:00:00.174603
9375	3	4	0.263	0	0:00:00.174450
9380	5	5	0.097	1	0:00:00.174494
9385	7	5	1.68	0	0:00:00.174180
9390	7	7	1.94	1	0:00:00.174356
9395	7	7	1.94	1	0:00:00.173845
9400	6	6	0.194	1	0:00:00.174638
9405	8	8	1.94	1	0:00:00.174208
9410	5	5	1.94	1	0:00:00.174156
9415	0	6	0.102	0	0:00:00.173751
9420	5	5	1.25	1	0:00:00.174234
9425	6	6	1.41	1	0:00:00.174527
9430	6	6	1.94	1	0:00:00.173921
9435	2	2	1.94	1	0:00:00.174411
9440	8	8	1.94	1	0:00:00.173860
9445	9	3	0.0182	0	0:00:00.174403
9450	6	4	0.358	0	0:00:00.173765
9455	1	1	1.94	1	0:00:00.174204
9460	3	6	0.0537	0	0:00:00.174869
9465	5	5	0.343	1	0:00:00.174227
9470	9	9	1.94	1	0:00:00.174074
9475	2	4	0.49	0	0:00:00.174428
9480	2	4	0.509	0	0:00:00.173641
9485	7	4	0.494	0	0:00:00.174335
9490	8	8	1.35	1	0:00:00.174366
9495	0	0	1.7	1	0:00:00.173852
9500	9	9	0.403	1	0:00:00.174693
9505	3	4	0.677	0	0:00:00.173546
9510	1	1	0.852	1	0:00:00.174776
9515	0	9	0.747	0	0:00:00.174268
9520	1	1	1.62	1	0:00:00.173910
9525	2	2	1.94	1	0:00:00.174103
9530	6	6	1.94	1	0:00:00.174576
9535	1	3	1.01	0	0:00:00.174072
9540	5	5	0.96	1	0:00:00.173642
9545	9	9	1.94	1	0:00:00.173902
9550	6	6	0.108	1	0:00:00.174248
9555	4	4	0.0209	1	0:00:00.174224
9560	9	7	1.7	0	0:00:00.174523
9565	0	0	1.94	1	0:00:00.173423
9570	7	7	1.94	1	0:00:00.174261
9575	5	5	0.825	1	0:00:00.174228
9580	1	1	0.949	1	0:00:00.174048
9585	4	4	0.843	1	0:00:00.174266
9590	0	0	1.63	1	0:00:00.174066
9595	7	7	1.36	1	0:00:00.173938
9600	8	8	1.94	1	0:00:00.173842
9605	5	5	0.468	1	0:00:00.173646
9610	4	4	0.914	1	0:00:00.173822
9615	6	6	0.42	1	0:00:00.174104
9620	4	4	0.0	0	0:00:00.174134
9625	2	0	1.75	0	0:00:00.174137
9630	6	6	1.63	1	0:00:00.174176
9635	7	4	0.12	0	0:00:00.174046
9640	5	5	0.383	1	0:00:00.173955
9645	1	1	1.94	1	0:00:00.173618
9650	8	8	1.94	1	0:00:00.174585
9655	8	8	1.94	1	0:00:00.174056
9660	6	6	1.94	1	0:00:00.174258
9665	3	5	1.75	0	0:00:00.174038
9670	1	1	0.964	1	0:00:00.174122
9675	4	4	0.972	1	0:00:00.173966
9680	8	8	1.35	1	0:00:00.174379
9685	0	2	0.899	0	0:00:00.173544
9690	4	4	0.0999	1	0:00:00.174216
9695	0	0	1.94	1	0:00:00.173561
9700	0	0	1.48	1	0:00:00.174558
9705	6	6	1.94	1	0:00:00.174002
9710	7	7	1.05	1	0:00:00.173866
9715	4	4	1.23	1	0:00:00.174239
9720	8	8	0.0463	1	0:00:00.173715
9725	8	8	0.131	1	0:00:00.173539
9730	6	6	1.94	1	0:00:00.173790
9735	6	8	0.939	0	0:00:00.174181
9740	3	6	0.648	0	0:00:00.174451
9745	3	3	1.06	1	0:00:00.174316
9750	2	6	0.544	0	0:00:00.174465
9755	3	6	0.06	0	0:00:00.174623
9760	9	9	0.55	1	0:00:00.174285
9765	4	4	1.94	1	0:00:00.173641
9770	4	3	1.03	0	0:00:00.174576
9775	9	9	1.94	1	0:00:00.173883
9780	4	6	1.94	0	0:00:00.174428
9785	8	8	1.2	1	0:00:00.174087
9790	8	0	0.289	0	0:00:00.174451
9795	4	2	0.72	0	0:00:00.173731
9800	1	1	1.94	1	0:00:00.175382
9805	2	0	1.94	0	0:00:00.173737
9810	8	8	0.276	1	0:00:00.174611
9815	5	4	1.31	0	0:00:00.174685
9820	0	0	0.126	1	0:00:00.174029
9825	2	4	0.0784	0	0:00:00.174328
9830	1	9	0.279	0	0:00:00.174133
9835	7	7	1.12	1	0:00:00.174555
9840	4	3	0.888	0	0:00:00.173991
9845	9	9	1.24	1	0:00:00.173703
9850	7	6	0.104	0	0:00:00.174029
9855	7	4	0.762	0	0:00:00.174241
9860	0	5	0.0	0	0:00:00.173645
9865	1	1	0.769	1	0:00:00.174386
9870	2	2	1.75	1	0:00:00.173816
9875	9	9	0.816	1	0:00:00.174048
9880	7	7	0.79	1	0:00:00.173917
9885	8	8	1.94	1	0:00:00.173978
9890	0	0	1.94	1	0:00:00.173925
9895	4	4	1.4	1	0:00:00.174373
9900	8	8	0.0531	1	0:00:00.174139
9905	1	1	1.75	1	0:00:00.173895
9910	4	4	0.0	0	0:00:00.174056
9915	2	2	1.75	1	0:00:00.173836
9920	6	6	1.94	1	0:00:00.174432
9925	4	2	0.15	0	0:00:00.173728
9930	8	3	0.314	0	0:00:00.174402
9935	1	1	1.94	1	0:00:00.174769
9940	4	5	0.0	0	0:00:00.173742
9945	7	7	1.13	1	0:00:00.174537
9950	3	4	0.866	0	0:00:00.173683
9955	8	8	1.94	1	0:00:00.173841
9960	2	0	1.94	0	0:00:00.174453
9965	2	2	0.02	1	0:00:00.174273
9970	2	4	1.94	0	0:00:00.174055
9975	7	7	1.94	1	0:00:00.174040
9980	0	0	1.94	1	0:00:00.174232
9985	5	5	0.618	1	0:00:00.174376
9990	7	7	1.94	1	0:00:00.174478
9995	8	8	1.94	1	0:00:00.174118
